%count	x
15	95.972590	-89.357937	25.772066	-33.160278	3.320282	-80.735731	-39.140365	23.831642	41.979155	-34.331261	-60.418833	-91.305200	-75.798430	-91.624446	28.573042	-8.807137	41.740652	6.642488	-73.340792	-18.700359	70.995037	-74.064556	38.547960	21.298816	-68.870767	43.915679	-56.157037	-41.413738	-24.607962	-61.901658	
30	95.972590	-89.357937	25.772066	-33.160278	3.320282	-80.735731	-39.140365	23.831642	41.979155	-34.331261	-60.418833	-91.305200	-75.798430	-91.624446	28.573042	-8.807137	41.740652	6.642488	-73.340792	-18.700359	70.995037	-74.064556	38.547960	21.298816	-68.870767	43.915679	-56.157037	-41.413738	-24.607962	-61.901658	
45	5.986094	-88.336607	20.769305	-22.101208	14.158857	-45.214780	42.170146	72.091204	-18.689335	-86.569043	-24.809065	-35.238257	5.533195	-81.346460	28.640361	-95.862634	62.032891	-79.941282	1.270607	-81.134845	7.912157	-32.022651	2.416085	22.838475	-20.944213	33.486852	17.519350	-33.972497	21.349950	28.104693	
60	5.986094	-88.336607	20.769305	-22.101208	14.158857	-45.214780	42.170146	72.091204	-18.689335	-86.569043	-24.809065	-35.238257	5.533195	-81.346460	28.640361	-95.862634	62.032891	-79.941282	1.270607	-81.134845	7.912157	-32.022651	2.416085	22.838475	-20.944213	33.486852	17.519350	-33.972497	21.349950	28.104693	
75	5.986094	-88.336607	20.769305	-22.101208	14.158857	-45.214780	42.170146	72.091204	-18.689335	-86.569043	-24.809065	-35.238257	5.533195	-81.346460	28.640361	-95.862634	62.032891	-79.941282	1.270607	-81.134845	7.912157	-32.022651	2.416085	22.838475	-20.944213	33.486852	17.519350	-33.972497	21.349950	28.104693	
90	5.986094	-88.336607	20.769305	-22.101208	14.158857	-45.214780	42.170146	72.091204	-18.689335	-86.569043	-24.809065	-35.238257	5.533195	-81.346460	28.640361	-95.862634	62.032891	-79.941282	1.270607	-81.134845	7.912157	-32.022651	2.416085	22.838475	-20.944213	33.486852	17.519350	-33.972497	21.349950	28.104693	
105	5.986094	-88.336607	20.769305	-22.101208	14.158857	-45.214780	42.170146	72.091204	-18.689335	-86.569043	-24.809065	-35.238257	5.533195	-81.346460	28.640361	-95.862634	62.032891	-79.941282	1.270607	-81.134845	7.912157	-32.022651	2.416085	22.838475	-20.944213	33.486852	17.519350	-33.972497	21.349950	28.104693	
120	5.986094	-88.336607	20.769305	-22.101208	14.158857	-45.214780	42.170146	72.091204	-18.689335	-86.569043	-24.809065	-35.238257	5.533195	-81.346460	28.640361	-95.862634	62.032891	-79.941282	1.270607	-81.134845	7.912157	-32.022651	2.416085	22.838475	-20.944213	33.486852	17.519350	-33.972497	21.349950	28.104693	
135	5.986094	-88.336607	20.769305	-22.101208	14.158857	-45.214780	42.170146	72.091204	-18.689335	-86.569043	-24.809065	-35.238257	5.533195	-81.346460	28.640361	-95.862634	62.032891	-79.941282	1.270607	-81.134845	7.912157	-32.022651	2.416085	22.838475	-20.944213	33.486852	17.519350	-33.972497	21.349950	28.104693	
150	5.986094	-88.336607	20.769305	-22.101208	14.158857	-45.214780	42.170146	72.091204	-18.689335	-86.569043	-24.809065	-35.238257	5.533195	-81.346460	28.640361	-95.862634	62.032891	-79.941282	1.270607	-81.134845	7.912157	-32.022651	2.416085	22.838475	-20.944213	33.486852	17.519350	-33.972497	21.349950	28.104693	
300	5.986094	-88.336607	20.769305	-22.101208	14.158857	-45.214780	42.170146	72.091204	-18.689335	-86.569043	-24.809065	-35.238257	5.533195	-81.346460	28.640361	-95.862634	62.032891	-79.941282	1.270607	-81.134845	7.912157	-32.022651	2.416085	22.838475	-20.944213	33.486852	17.519350	-33.972497	21.349950	28.104693	
450	5.986094	-88.336607	20.769305	-22.101208	14.158857	-45.214780	42.170146	72.091204	-18.689335	-86.569043	-24.809065	-35.238257	5.533195	-81.346460	28.640361	-95.862634	62.032891	-79.941282	1.270607	-81.134845	7.912157	-32.022651	2.416085	22.838475	-20.944213	33.486852	17.519350	-33.972497	21.349950	28.104693	
600	5.986094	-88.336607	20.769305	-22.101208	14.158857	-45.214780	42.170146	72.091204	-18.689335	-86.569043	-24.809065	-35.238257	5.533195	-81.346460	28.640361	-95.862634	62.032891	-79.941282	1.270607	-81.134845	7.912157	-32.022651	2.416085	22.838475	-20.944213	33.486852	17.519350	-33.972497	21.349950	28.104693	
750	5.986094	-88.336607	20.769305	-22.101208	14.158857	-45.214780	42.170146	72.091204	-18.689335	-86.569043	-24.809065	-35.238257	5.533195	-81.346460	28.640361	-95.862634	62.032891	-79.941282	1.270607	-81.134845	7.912157	-32.022651	2.416085	22.838475	-20.944213	33.486852	17.519350	-33.972497	21.349950	28.104693	
900	28.431154	50.296856	-33.316671	54.883920	52.326046	-86.285048	44.136882	-51.913170	-85.641431	69.902982	66.310053	59.688473	47.273295	23.706793	-11.619783	-13.671934	44.331825	-89.364844	-5.474373	-59.550994	85.084341	-39.365162	65.979989	-96.401891	-73.264703	58.689840	-31.647720	-1.514744	14.205686	20.406021	
1050	28.431154	50.296856	-33.316671	54.883920	52.326046	-86.285048	44.136882	-51.913170	-85.641431	69.902982	66.310053	59.688473	47.273295	23.706793	-11.619783	-13.671934	44.331825	-89.364844	-5.474373	-59.550994	85.084341	-39.365162	65.979989	-96.401891	-73.264703	58.689840	-31.647720	-1.514744	14.205686	20.406021	
1200	28.431154	50.296856	-33.316671	54.883920	52.326046	-86.285048	44.136882	-51.913170	-85.641431	69.902982	66.310053	59.688473	47.273295	23.706793	-11.619783	-13.671934	44.331825	-89.364844	-5.474373	-59.550994	85.084341	-39.365162	65.979989	-96.401891	-73.264703	58.689840	-31.647720	-1.514744	14.205686	20.406021	
1350	28.431154	50.296856	-33.316671	54.883920	52.326046	-86.285048	44.136882	-51.913170	-85.641431	69.902982	66.310053	59.688473	47.273295	23.706793	-11.619783	-13.671934	44.331825	-89.364844	-5.474373	-59.550994	85.084341	-39.365162	65.979989	-96.401891	-73.264703	58.689840	-31.647720	-1.514744	14.205686	20.406021	
1500	-3.880201	-25.394266	41.793565	30.723664	-12.274432	-34.006023	-48.210121	29.318669	-37.709400	-29.048083	65.035976	25.968228	99.384482	-24.835679	58.488131	95.364802	61.696304	-56.240377	51.015888	6.798236	64.126097	3.045053	33.747107	-21.868453	-6.331663	-4.887064	-69.315924	32.830654	45.971454	79.803630	
