%count	x
15	-75.726704	38.943932	65.728325	23.044039	-92.226139	-38.717219	81.960939	19.989510	-35.864488	16.286793	47.997607	-24.504097	-18.205086	20.887991	87.095199	-68.824132	31.778624	33.375000	-36.045442	-65.373934	26.297051	40.776496	-11.798071	-57.552100	-71.939938	-1.985289	20.780978	-60.678104	18.003745	-77.912007	
30	-75.726704	38.943932	65.728325	23.044039	-92.226139	-38.717219	81.960939	19.989510	-35.864488	16.286793	47.997607	-24.504097	-18.205086	20.887991	87.095199	-68.824132	31.778624	33.375000	-36.045442	-65.373934	26.297051	40.776496	-11.798071	-57.552100	-71.939938	-1.985289	20.780978	-60.678104	18.003745	-77.912007	
45	-75.726704	38.943932	65.728325	23.044039	-92.226139	-38.717219	81.960939	19.989510	-35.864488	16.286793	47.997607	-24.504097	-18.205086	20.887991	87.095199	-68.824132	31.778624	33.375000	-36.045442	-65.373934	26.297051	40.776496	-11.798071	-57.552100	-71.939938	-1.985289	20.780978	-60.678104	18.003745	-77.912007	
60	-75.726704	38.943932	65.728325	23.044039	-92.226139	-38.717219	81.960939	19.989510	-35.864488	16.286793	47.997607	-24.504097	-18.205086	20.887991	87.095199	-68.824132	31.778624	33.375000	-36.045442	-65.373934	26.297051	40.776496	-11.798071	-57.552100	-71.939938	-1.985289	20.780978	-60.678104	18.003745	-77.912007	
75	-75.726704	38.943932	65.728325	23.044039	-92.226139	-38.717219	81.960939	19.989510	-35.864488	16.286793	47.997607	-24.504097	-18.205086	20.887991	87.095199	-68.824132	31.778624	33.375000	-36.045442	-65.373934	26.297051	40.776496	-11.798071	-57.552100	-71.939938	-1.985289	20.780978	-60.678104	18.003745	-77.912007	
90	-75.726704	38.943932	65.728325	23.044039	-92.226139	-38.717219	81.960939	19.989510	-35.864488	16.286793	47.997607	-24.504097	-18.205086	20.887991	87.095199	-68.824132	31.778624	33.375000	-36.045442	-65.373934	26.297051	40.776496	-11.798071	-57.552100	-71.939938	-1.985289	20.780978	-60.678104	18.003745	-77.912007	
105	-75.726704	38.943932	65.728325	23.044039	-92.226139	-38.717219	81.960939	19.989510	-35.864488	16.286793	47.997607	-24.504097	-18.205086	20.887991	87.095199	-68.824132	31.778624	33.375000	-36.045442	-65.373934	26.297051	40.776496	-11.798071	-57.552100	-71.939938	-1.985289	20.780978	-60.678104	18.003745	-77.912007	
120	-75.726704	38.943932	65.728325	23.044039	-92.226139	-38.717219	81.960939	19.989510	-35.864488	16.286793	47.997607	-24.504097	-18.205086	20.887991	87.095199	-68.824132	31.778624	33.375000	-36.045442	-65.373934	26.297051	40.776496	-11.798071	-57.552100	-71.939938	-1.985289	20.780978	-60.678104	18.003745	-77.912007	
135	-75.726704	38.943932	65.728325	23.044039	-92.226139	-38.717219	81.960939	19.989510	-35.864488	16.286793	47.997607	-24.504097	-18.205086	20.887991	87.095199	-68.824132	31.778624	33.375000	-36.045442	-65.373934	26.297051	40.776496	-11.798071	-57.552100	-71.939938	-1.985289	20.780978	-60.678104	18.003745	-77.912007	
150	-75.726704	38.943932	65.728325	23.044039	-92.226139	-38.717219	81.960939	19.989510	-35.864488	16.286793	47.997607	-24.504097	-18.205086	20.887991	87.095199	-68.824132	31.778624	33.375000	-36.045442	-65.373934	26.297051	40.776496	-11.798071	-57.552100	-71.939938	-1.985289	20.780978	-60.678104	18.003745	-77.912007	
300	-75.726704	38.943932	65.728325	23.044039	-92.226139	-38.717219	81.960939	19.989510	-35.864488	16.286793	47.997607	-24.504097	-18.205086	20.887991	87.095199	-68.824132	31.778624	33.375000	-36.045442	-65.373934	26.297051	40.776496	-11.798071	-57.552100	-71.939938	-1.985289	20.780978	-60.678104	18.003745	-77.912007	
450	-75.726704	38.943932	65.728325	23.044039	-92.226139	-38.717219	81.960939	19.989510	-35.864488	16.286793	47.997607	-24.504097	-18.205086	20.887991	87.095199	-68.824132	31.778624	33.375000	-36.045442	-65.373934	26.297051	40.776496	-11.798071	-57.552100	-71.939938	-1.985289	20.780978	-60.678104	18.003745	-77.912007	
600	-75.726704	38.943932	65.728325	23.044039	-92.226139	-38.717219	81.960939	19.989510	-35.864488	16.286793	47.997607	-24.504097	-18.205086	20.887991	87.095199	-68.824132	31.778624	33.375000	-36.045442	-65.373934	26.297051	40.776496	-11.798071	-57.552100	-71.939938	-1.985289	20.780978	-60.678104	18.003745	-77.912007	
750	-75.726704	38.943932	65.728325	23.044039	-92.226139	-38.717219	81.960939	19.989510	-35.864488	16.286793	47.997607	-24.504097	-18.205086	20.887991	87.095199	-68.824132	31.778624	33.375000	-36.045442	-65.373934	26.297051	40.776496	-11.798071	-57.552100	-71.939938	-1.985289	20.780978	-60.678104	18.003745	-77.912007	
900	-75.726704	38.943932	65.728325	23.044039	-92.226139	-38.717219	81.960939	19.989510	-35.864488	16.286793	47.997607	-24.504097	-18.205086	20.887991	87.095199	-68.824132	31.778624	33.375000	-36.045442	-65.373934	26.297051	40.776496	-11.798071	-57.552100	-71.939938	-1.985289	20.780978	-60.678104	18.003745	-77.912007	
1050	51.750615	42.436435	5.481198	-29.920369	-30.124173	-77.302944	10.357178	49.836298	28.175430	46.173131	-55.233245	-19.707069	-71.383849	46.032697	57.708778	0.221514	12.982426	68.702646	-22.604922	73.897435	-42.521013	39.188770	-86.345821	12.138701	-88.253272	87.860688	9.496572	-57.841027	28.982945	-66.444046	
1200	51.750615	42.436435	5.481198	-29.920369	-30.124173	-77.302944	10.357178	49.836298	28.175430	46.173131	-55.233245	-19.707069	-71.383849	46.032697	57.708778	0.221514	12.982426	68.702646	-22.604922	73.897435	-42.521013	39.188770	-86.345821	12.138701	-88.253272	87.860688	9.496572	-57.841027	28.982945	-66.444046	
1350	51.750615	42.436435	5.481198	-29.920369	-30.124173	-77.302944	10.357178	49.836298	28.175430	46.173131	-55.233245	-19.707069	-71.383849	46.032697	57.708778	0.221514	12.982426	68.702646	-22.604922	73.897435	-42.521013	39.188770	-86.345821	12.138701	-88.253272	87.860688	9.496572	-57.841027	28.982945	-66.444046	
1500	51.750615	42.436435	5.481198	-29.920369	-30.124173	-77.302944	10.357178	49.836298	28.175430	46.173131	-55.233245	-19.707069	-71.383849	46.032697	57.708778	0.221514	12.982426	68.702646	-22.604922	73.897435	-42.521013	39.188770	-86.345821	12.138701	-88.253272	87.860688	9.496572	-57.841027	28.982945	-66.444046	
