     % Run	                   5	                  10	                  15	                  20	                  25	                  30	                  35	                  40	                  45	                  50	                 100	                 150	                 200	                 250	                 300	                 350	                 400	                 450	                 500	
         1	        1.760831e+03	        1.630692e+03	        1.630692e+03	        1.630692e+03	        1.630692e+03	        1.630692e+03	        1.630692e+03	        1.630692e+03	        1.630692e+03	        1.630692e+03	        1.629118e+03	        1.629118e+03	        1.629118e+03	        1.629118e+03	        1.629118e+03	        1.629118e+03	        1.629118e+03	        1.629118e+03	        1.627594e+03	
         2	        1.676019e+03	        1.676019e+03	        1.676019e+03	        1.676019e+03	        1.676019e+03	        1.676019e+03	        1.676019e+03	        1.676019e+03	        1.676019e+03	        1.664275e+03	        1.643402e+03	        1.643402e+03	        1.643402e+03	        1.637901e+03	        1.637901e+03	        1.637901e+03	        1.637901e+03	        1.637901e+03	        1.637901e+03	
         3	        1.937167e+03	        1.712524e+03	        1.712524e+03	        1.712524e+03	        1.712524e+03	        1.680811e+03	        1.680811e+03	        1.655481e+03	        1.655481e+03	        1.655481e+03	        1.630112e+03	        1.630112e+03	        1.630112e+03	        1.630112e+03	        1.630112e+03	        1.630112e+03	        1.630112e+03	        1.630112e+03	        1.630112e+03	
         4	        1.763547e+03	        1.745165e+03	        1.678434e+03	        1.678434e+03	        1.678434e+03	        1.678434e+03	        1.678434e+03	        1.669698e+03	        1.669698e+03	        1.669698e+03	        1.669698e+03	        1.642609e+03	        1.634615e+03	        1.633043e+03	        1.633043e+03	        1.633043e+03	        1.633043e+03	        1.633043e+03	        1.631816e+03	
         5	        1.624438e+03	        1.624438e+03	        1.624438e+03	        1.624438e+03	        1.624438e+03	        1.624438e+03	        1.624438e+03	        1.624438e+03	        1.624438e+03	        1.624438e+03	        1.624438e+03	        1.624438e+03	        1.624438e+03	        1.624438e+03	        1.624438e+03	        1.624438e+03	        1.624438e+03	        1.624438e+03	        1.624438e+03	
         6	        2.044056e+03	        1.703509e+03	        1.703509e+03	        1.663651e+03	        1.663651e+03	        1.663651e+03	        1.663651e+03	        1.663651e+03	        1.663651e+03	        1.663651e+03	        1.631142e+03	        1.631142e+03	        1.631142e+03	        1.621956e+03	        1.621956e+03	        1.621956e+03	        1.621956e+03	        1.621956e+03	        1.621956e+03	
         7	        1.944173e+03	        1.750705e+03	        1.667633e+03	        1.667633e+03	        1.667633e+03	        1.667633e+03	        1.667633e+03	        1.660621e+03	        1.654353e+03	        1.654353e+03	        1.654353e+03	        1.654353e+03	        1.627860e+03	        1.627860e+03	        1.627860e+03	        1.627860e+03	        1.627860e+03	        1.627860e+03	        1.627860e+03	
         8	        1.788939e+03	        1.695077e+03	        1.695077e+03	        1.695077e+03	        1.677473e+03	        1.677473e+03	        1.677473e+03	        1.677473e+03	        1.677473e+03	        1.677473e+03	        1.665808e+03	        1.660757e+03	        1.660757e+03	        1.660757e+03	        1.660757e+03	        1.660757e+03	        1.660757e+03	        1.655598e+03	        1.655598e+03	
         9	        1.777715e+03	        1.669869e+03	        1.669869e+03	        1.669869e+03	        1.669869e+03	        1.650879e+03	        1.650879e+03	        1.650879e+03	        1.650879e+03	        1.650879e+03	        1.650879e+03	        1.640410e+03	        1.625562e+03	        1.616615e+03	        1.616615e+03	        1.616615e+03	        1.616615e+03	        1.616615e+03	        1.616615e+03	
        10	        1.623029e+03	        1.623029e+03	        1.623029e+03	        1.623029e+03	        1.623029e+03	        1.623029e+03	        1.623029e+03	        1.623029e+03	        1.623029e+03	        1.623029e+03	        1.623029e+03	        1.623029e+03	        1.623029e+03	        1.623029e+03	        1.623029e+03	        1.623029e+03	        1.623029e+03	        1.623029e+03	        1.623029e+03	
        11	        1.657813e+03	        1.657813e+03	        1.657813e+03	        1.657813e+03	        1.657813e+03	        1.657813e+03	        1.657813e+03	        1.657813e+03	        1.657813e+03	        1.657813e+03	        1.647317e+03	        1.642130e+03	        1.630917e+03	        1.630917e+03	        1.630917e+03	        1.630917e+03	        1.630917e+03	        1.630917e+03	        1.630917e+03	
        12	        1.723359e+03	        1.723359e+03	        1.723359e+03	        1.690111e+03	        1.690111e+03	        1.690111e+03	        1.690111e+03	        1.690111e+03	        1.690111e+03	        1.690111e+03	        1.639211e+03	        1.638007e+03	        1.638007e+03	        1.623953e+03	        1.623953e+03	        1.623953e+03	        1.623861e+03	        1.623861e+03	        1.621939e+03	
        13	        1.822328e+03	        1.741668e+03	        1.668779e+03	        1.668779e+03	        1.668779e+03	        1.668779e+03	        1.668779e+03	        1.668779e+03	        1.668779e+03	        1.668779e+03	        1.647875e+03	        1.637723e+03	        1.637723e+03	        1.637723e+03	        1.629655e+03	        1.629655e+03	        1.629655e+03	        1.629655e+03	        1.629655e+03	
        14	        1.848658e+03	        1.848658e+03	        1.696784e+03	        1.696784e+03	        1.696784e+03	        1.696784e+03	        1.693424e+03	        1.693424e+03	        1.693424e+03	        1.693424e+03	        1.625854e+03	        1.625854e+03	        1.625854e+03	        1.625854e+03	        1.625854e+03	        1.625854e+03	        1.625854e+03	        1.625854e+03	        1.625854e+03	
        15	        1.761172e+03	        1.723166e+03	        1.718828e+03	        1.718828e+03	        1.700837e+03	        1.685472e+03	        1.685472e+03	        1.685472e+03	        1.684011e+03	        1.684011e+03	        1.684011e+03	        1.654154e+03	        1.654154e+03	        1.650076e+03	        1.650076e+03	        1.650076e+03	        1.650076e+03	        1.645906e+03	        1.617445e+03	
        16	        1.773578e+03	        1.735989e+03	        1.674596e+03	        1.674596e+03	        1.674596e+03	        1.674596e+03	        1.674596e+03	        1.674596e+03	        1.674596e+03	        1.674596e+03	        1.655441e+03	        1.655069e+03	        1.655069e+03	        1.655069e+03	        1.628426e+03	        1.622366e+03	        1.622366e+03	        1.622366e+03	        1.622366e+03	
        17	        1.800271e+03	        1.713252e+03	        1.713252e+03	        1.713252e+03	        1.713252e+03	        1.678316e+03	        1.678316e+03	        1.678316e+03	        1.678316e+03	        1.678316e+03	        1.648114e+03	        1.632019e+03	        1.632019e+03	        1.632019e+03	        1.632019e+03	        1.632019e+03	        1.632019e+03	        1.632019e+03	        1.632019e+03	
        18	        2.285858e+03	        1.765971e+03	        1.739004e+03	        1.739004e+03	        1.658154e+03	        1.653599e+03	        1.653599e+03	        1.653599e+03	        1.653599e+03	        1.653599e+03	        1.626852e+03	        1.626852e+03	        1.626852e+03	        1.626852e+03	        1.626852e+03	        1.626852e+03	        1.626852e+03	        1.626852e+03	        1.626852e+03	
        19	        1.754299e+03	        1.754299e+03	        1.672105e+03	        1.645853e+03	        1.645853e+03	        1.645853e+03	        1.645853e+03	        1.645853e+03	        1.645853e+03	        1.645853e+03	        1.645853e+03	        1.645853e+03	        1.645853e+03	        1.645853e+03	        1.641024e+03	        1.641024e+03	        1.641024e+03	        1.641024e+03	        1.641024e+03	
        20	        1.846017e+03	        1.846017e+03	        1.846017e+03	        1.689363e+03	        1.689363e+03	        1.689363e+03	        1.662112e+03	        1.662112e+03	        1.662112e+03	        1.662112e+03	        1.639789e+03	        1.618604e+03	        1.618604e+03	        1.618604e+03	        1.618604e+03	        1.618604e+03	        1.618604e+03	        1.618604e+03	        1.618604e+03	
