%count	x
15	-50.697406	-68.362412	-9.539324	-54.873101	-65.991716	80.556498	66.804711	19.337764	85.901886	-31.865812	-81.833813	38.162875	-63.503332	59.754071	4.631550	-86.834181	-87.861556	87.059611	26.578723	-19.835151	-13.255137	59.824670	17.680408	-58.407880	83.567154	23.657827	11.235859	-26.185209	-47.976513	77.181467	
30	-90.883748	-58.179990	-27.630238	86.544589	67.113054	4.901657	96.263627	1.085303	-41.042542	29.065296	-40.232898	65.111032	-37.182009	85.391170	85.022566	-50.072812	16.021274	-95.785194	-45.154744	-59.179833	-95.156972	-44.596609	-34.375650	-34.508997	-25.957308	40.573994	99.454446	10.709304	-74.252911	-56.415460	
45	-90.883748	-58.179990	-27.630238	86.544589	67.113054	4.901657	96.263627	1.085303	-41.042542	29.065296	-40.232898	65.111032	-37.182009	85.391170	85.022566	-50.072812	16.021274	-95.785194	-45.154744	-59.179833	-95.156972	-44.596609	-34.375650	-34.508997	-25.957308	40.573994	99.454446	10.709304	-74.252911	-56.415460	
60	-80.964425	-58.228035	-45.291438	92.418618	47.797267	-34.863334	17.457641	-68.438805	-66.812432	99.296908	34.645275	-8.491354	-23.222774	-59.566487	-52.319115	57.213573	62.235400	-84.298117	4.815307	47.388548	35.653596	43.690560	-68.642029	72.148665	-79.048757	-73.903906	-61.170180	39.672784	60.787784	33.649466	
75	-80.964425	-58.228035	-45.291438	92.418618	47.797267	-34.863334	17.457641	-68.438805	-66.812432	99.296908	34.645275	-8.491354	-23.222774	-59.566487	-52.319115	57.213573	62.235400	-84.298117	4.815307	47.388548	35.653596	43.690560	-68.642029	72.148665	-79.048757	-73.903906	-61.170180	39.672784	60.787784	33.649466	
90	-80.964425	-58.228035	-45.291438	92.418618	47.797267	-34.863334	17.457641	-68.438805	-66.812432	99.296908	34.645275	-8.491354	-23.222774	-59.566487	-52.319115	57.213573	62.235400	-84.298117	4.815307	47.388548	35.653596	43.690560	-68.642029	72.148665	-79.048757	-73.903906	-61.170180	39.672784	60.787784	33.649466	
105	-80.964425	-58.228035	-45.291438	92.418618	47.797267	-34.863334	17.457641	-68.438805	-66.812432	99.296908	34.645275	-8.491354	-23.222774	-59.566487	-52.319115	57.213573	62.235400	-84.298117	4.815307	47.388548	35.653596	43.690560	-68.642029	72.148665	-79.048757	-73.903906	-61.170180	39.672784	60.787784	33.649466	
120	-80.964425	-58.228035	-45.291438	92.418618	47.797267	-34.863334	17.457641	-68.438805	-66.812432	99.296908	34.645275	-8.491354	-23.222774	-59.566487	-52.319115	57.213573	62.235400	-84.298117	4.815307	47.388548	35.653596	43.690560	-68.642029	72.148665	-79.048757	-73.903906	-61.170180	39.672784	60.787784	33.649466	
135	-80.964425	-58.228035	-45.291438	92.418618	47.797267	-34.863334	17.457641	-68.438805	-66.812432	99.296908	34.645275	-8.491354	-23.222774	-59.566487	-52.319115	57.213573	62.235400	-84.298117	4.815307	47.388548	35.653596	43.690560	-68.642029	72.148665	-79.048757	-73.903906	-61.170180	39.672784	60.787784	33.649466	
150	-80.964425	-58.228035	-45.291438	92.418618	47.797267	-34.863334	17.457641	-68.438805	-66.812432	99.296908	34.645275	-8.491354	-23.222774	-59.566487	-52.319115	57.213573	62.235400	-84.298117	4.815307	47.388548	35.653596	43.690560	-68.642029	72.148665	-79.048757	-73.903906	-61.170180	39.672784	60.787784	33.649466	
300	-80.964425	-58.228035	-45.291438	92.418618	47.797267	-34.863334	17.457641	-68.438805	-66.812432	99.296908	34.645275	-8.491354	-23.222774	-59.566487	-52.319115	57.213573	62.235400	-84.298117	4.815307	47.388548	35.653596	43.690560	-68.642029	72.148665	-79.048757	-73.903906	-61.170180	39.672784	60.787784	33.649466	
450	-80.964425	-58.228035	-45.291438	92.418618	47.797267	-34.863334	17.457641	-68.438805	-66.812432	99.296908	34.645275	-8.491354	-23.222774	-59.566487	-52.319115	57.213573	62.235400	-84.298117	4.815307	47.388548	35.653596	43.690560	-68.642029	72.148665	-79.048757	-73.903906	-61.170180	39.672784	60.787784	33.649466	
600	-80.964425	-58.228035	-45.291438	92.418618	47.797267	-34.863334	17.457641	-68.438805	-66.812432	99.296908	34.645275	-8.491354	-23.222774	-59.566487	-52.319115	57.213573	62.235400	-84.298117	4.815307	47.388548	35.653596	43.690560	-68.642029	72.148665	-79.048757	-73.903906	-61.170180	39.672784	60.787784	33.649466	
750	-80.964425	-58.228035	-45.291438	92.418618	47.797267	-34.863334	17.457641	-68.438805	-66.812432	99.296908	34.645275	-8.491354	-23.222774	-59.566487	-52.319115	57.213573	62.235400	-84.298117	4.815307	47.388548	35.653596	43.690560	-68.642029	72.148665	-79.048757	-73.903906	-61.170180	39.672784	60.787784	33.649466	
900	-80.964425	-58.228035	-45.291438	92.418618	47.797267	-34.863334	17.457641	-68.438805	-66.812432	99.296908	34.645275	-8.491354	-23.222774	-59.566487	-52.319115	57.213573	62.235400	-84.298117	4.815307	47.388548	35.653596	43.690560	-68.642029	72.148665	-79.048757	-73.903906	-61.170180	39.672784	60.787784	33.649466	
1050	-80.964425	-58.228035	-45.291438	92.418618	47.797267	-34.863334	17.457641	-68.438805	-66.812432	99.296908	34.645275	-8.491354	-23.222774	-59.566487	-52.319115	57.213573	62.235400	-84.298117	4.815307	47.388548	35.653596	43.690560	-68.642029	72.148665	-79.048757	-73.903906	-61.170180	39.672784	60.787784	33.649466	
1200	-80.964425	-58.228035	-45.291438	92.418618	47.797267	-34.863334	17.457641	-68.438805	-66.812432	99.296908	34.645275	-8.491354	-23.222774	-59.566487	-52.319115	57.213573	62.235400	-84.298117	4.815307	47.388548	35.653596	43.690560	-68.642029	72.148665	-79.048757	-73.903906	-61.170180	39.672784	60.787784	33.649466	
1350	-80.964425	-58.228035	-45.291438	92.418618	47.797267	-34.863334	17.457641	-68.438805	-66.812432	99.296908	34.645275	-8.491354	-23.222774	-59.566487	-52.319115	57.213573	62.235400	-84.298117	4.815307	47.388548	35.653596	43.690560	-68.642029	72.148665	-79.048757	-73.903906	-61.170180	39.672784	60.787784	33.649466	
1500	-80.964425	-58.228035	-45.291438	92.418618	47.797267	-34.863334	17.457641	-68.438805	-66.812432	99.296908	34.645275	-8.491354	-23.222774	-59.566487	-52.319115	57.213573	62.235400	-84.298117	4.815307	47.388548	35.653596	43.690560	-68.642029	72.148665	-79.048757	-73.903906	-61.170180	39.672784	60.787784	33.649466	
