%count	x
15	-48.816184	-96.694519	-56.473588	50.184462	-8.105103	6.511199	-85.451439	29.320494	-92.269824	92.669669	55.099255	4.835453	-80.631081	18.931812	-72.697528	-55.701779	6.900857	53.231863	11.525774	-26.069467	-65.394569	97.985926	70.676105	10.300076	-34.661656	4.574550	-49.234427	9.176089	-48.801015	39.194171	
30	-48.816184	-96.694519	-56.473588	50.184462	-8.105103	6.511199	-85.451439	29.320494	-92.269824	92.669669	55.099255	4.835453	-80.631081	18.931812	-72.697528	-55.701779	6.900857	53.231863	11.525774	-26.069467	-65.394569	97.985926	70.676105	10.300076	-34.661656	4.574550	-49.234427	9.176089	-48.801015	39.194171	
45	-48.816184	-96.694519	-56.473588	50.184462	-8.105103	6.511199	-85.451439	29.320494	-92.269824	92.669669	55.099255	4.835453	-80.631081	18.931812	-72.697528	-55.701779	6.900857	53.231863	11.525774	-26.069467	-65.394569	97.985926	70.676105	10.300076	-34.661656	4.574550	-49.234427	9.176089	-48.801015	39.194171	
60	-48.816184	-96.694519	-56.473588	50.184462	-8.105103	6.511199	-85.451439	29.320494	-92.269824	92.669669	55.099255	4.835453	-80.631081	18.931812	-72.697528	-55.701779	6.900857	53.231863	11.525774	-26.069467	-65.394569	97.985926	70.676105	10.300076	-34.661656	4.574550	-49.234427	9.176089	-48.801015	39.194171	
75	-48.816184	-96.694519	-56.473588	50.184462	-8.105103	6.511199	-85.451439	29.320494	-92.269824	92.669669	55.099255	4.835453	-80.631081	18.931812	-72.697528	-55.701779	6.900857	53.231863	11.525774	-26.069467	-65.394569	97.985926	70.676105	10.300076	-34.661656	4.574550	-49.234427	9.176089	-48.801015	39.194171	
90	-48.816184	-96.694519	-56.473588	50.184462	-8.105103	6.511199	-85.451439	29.320494	-92.269824	92.669669	55.099255	4.835453	-80.631081	18.931812	-72.697528	-55.701779	6.900857	53.231863	11.525774	-26.069467	-65.394569	97.985926	70.676105	10.300076	-34.661656	4.574550	-49.234427	9.176089	-48.801015	39.194171	
105	-48.816184	-96.694519	-56.473588	50.184462	-8.105103	6.511199	-85.451439	29.320494	-92.269824	92.669669	55.099255	4.835453	-80.631081	18.931812	-72.697528	-55.701779	6.900857	53.231863	11.525774	-26.069467	-65.394569	97.985926	70.676105	10.300076	-34.661656	4.574550	-49.234427	9.176089	-48.801015	39.194171	
120	-48.816184	-96.694519	-56.473588	50.184462	-8.105103	6.511199	-85.451439	29.320494	-92.269824	92.669669	55.099255	4.835453	-80.631081	18.931812	-72.697528	-55.701779	6.900857	53.231863	11.525774	-26.069467	-65.394569	97.985926	70.676105	10.300076	-34.661656	4.574550	-49.234427	9.176089	-48.801015	39.194171	
135	71.799700	-36.900531	60.904057	24.256963	48.711731	-84.097035	-85.273230	77.213402	-24.234037	-1.101898	60.566718	-81.433932	-25.649205	61.764600	-25.681403	77.064061	70.431643	-10.888004	-17.291929	20.045478	-51.645637	78.571781	62.984384	12.242815	-42.936509	-86.289350	-56.987384	80.978698	-92.898134	-64.522543	
150	95.627955	86.936118	82.026787	27.551986	38.726055	28.364650	-74.605336	65.525042	-84.978427	-12.383474	-57.808769	-85.201042	51.875960	-89.927554	66.568671	40.321339	-80.240189	61.014706	-6.207940	-32.709428	-97.614522	26.165772	-85.802178	-5.876038	-29.820483	43.199969	-71.550126	67.070708	-80.029383	-86.978944	
300	44.764042	96.524180	55.381517	86.101149	-9.196240	47.534704	-47.979081	46.207730	-26.709810	23.281456	-63.514719	-65.151795	13.505416	94.571506	39.537583	54.718756	68.252631	21.747045	-20.649742	10.694533	6.576737	45.650988	-97.446039	4.919686	54.176005	-79.601813	-30.516027	14.592969	-69.208735	-30.603823	
450	44.764042	96.524180	55.381517	86.101149	-9.196240	47.534704	-47.979081	46.207730	-26.709810	23.281456	-63.514719	-65.151795	13.505416	94.571506	39.537583	54.718756	68.252631	21.747045	-20.649742	10.694533	6.576737	45.650988	-97.446039	4.919686	54.176005	-79.601813	-30.516027	14.592969	-69.208735	-30.603823	
600	44.764042	96.524180	55.381517	86.101149	-9.196240	47.534704	-47.979081	46.207730	-26.709810	23.281456	-63.514719	-65.151795	13.505416	94.571506	39.537583	54.718756	68.252631	21.747045	-20.649742	10.694533	6.576737	45.650988	-97.446039	4.919686	54.176005	-79.601813	-30.516027	14.592969	-69.208735	-30.603823	
750	22.973018	99.890825	46.930211	-80.175347	75.650124	61.013349	43.822020	22.095730	-64.562363	-13.005817	-20.925247	97.954754	32.232894	33.124768	12.165833	-60.769833	96.375017	25.331685	-41.818087	-34.917772	-14.773849	36.562101	-3.424768	35.883017	17.551635	-37.341717	91.842792	68.397750	55.450034	-27.496920	
900	85.724165	-52.822766	12.627440	7.928847	25.333930	1.021096	-81.827749	63.066298	-33.676627	74.960563	-43.281656	-54.110982	37.647499	90.881415	-46.978874	-74.867454	0.094736	48.065831	45.617178	-75.195470	18.260237	-24.779723	-84.503633	-50.684493	5.445008	8.328803	-61.423199	79.403583	11.126586	-21.757296	
1050	7.896542	-34.631225	-34.969856	-3.606906	27.409016	79.804940	29.119867	39.404096	-69.848067	84.840939	-83.083498	72.531710	31.658157	-80.817306	14.784264	-2.593779	85.145681	47.181501	-54.570416	-73.795147	16.036033	45.031911	85.621431	44.368246	-47.205401	0.011637	37.395962	-46.509484	14.870606	26.921843	
1200	7.896542	-34.631225	-34.969856	-3.606906	27.409016	79.804940	29.119867	39.404096	-69.848067	84.840939	-83.083498	72.531710	31.658157	-80.817306	14.784264	-2.593779	85.145681	47.181501	-54.570416	-73.795147	16.036033	45.031911	85.621431	44.368246	-47.205401	0.011637	37.395962	-46.509484	14.870606	26.921843	
1350	7.896542	-34.631225	-34.969856	-3.606906	27.409016	79.804940	29.119867	39.404096	-69.848067	84.840939	-83.083498	72.531710	31.658157	-80.817306	14.784264	-2.593779	85.145681	47.181501	-54.570416	-73.795147	16.036033	45.031911	85.621431	44.368246	-47.205401	0.011637	37.395962	-46.509484	14.870606	26.921843	
1500	7.896542	-34.631225	-34.969856	-3.606906	27.409016	79.804940	29.119867	39.404096	-69.848067	84.840939	-83.083498	72.531710	31.658157	-80.817306	14.784264	-2.593779	85.145681	47.181501	-54.570416	-73.795147	16.036033	45.031911	85.621431	44.368246	-47.205401	0.011637	37.395962	-46.509484	14.870606	26.921843	
