%count	x
15	-87.103984	71.253195	92.722019	72.363904	53.218872	90.509485	-36.078268	92.551354	26.807393	35.864415	77.930254	-88.460574	0.504243	93.705252	-34.273078	88.585976	-70.846988	-15.193903	24.719148	-70.598779	27.621629	32.530006	88.566203	-64.681960	5.044822	16.558002	-36.936748	-73.859592	-18.398718	29.388450	
30	-87.103984	71.253195	92.722019	72.363904	53.218872	90.509485	-36.078268	92.551354	26.807393	35.864415	77.930254	-88.460574	0.504243	93.705252	-34.273078	88.585976	-70.846988	-15.193903	24.719148	-70.598779	27.621629	32.530006	88.566203	-64.681960	5.044822	16.558002	-36.936748	-73.859592	-18.398718	29.388450	
45	-16.609514	59.287318	77.178530	-47.265857	28.901167	-34.741915	73.901836	-30.398922	58.048841	31.218623	-28.884908	-80.061422	-2.194799	6.041138	17.989373	74.479816	-18.123131	82.424238	-21.694497	36.774209	78.141664	-36.508206	66.122896	98.054261	-3.052801	83.768203	-63.547649	-96.567780	80.090984	10.957014	
60	-16.609514	59.287318	77.178530	-47.265857	28.901167	-34.741915	73.901836	-30.398922	58.048841	31.218623	-28.884908	-80.061422	-2.194799	6.041138	17.989373	74.479816	-18.123131	82.424238	-21.694497	36.774209	78.141664	-36.508206	66.122896	98.054261	-3.052801	83.768203	-63.547649	-96.567780	80.090984	10.957014	
75	-54.930084	56.518707	-83.842527	78.781105	-42.865517	11.008408	-70.581113	-36.067188	-25.328545	43.357222	78.910927	6.178199	5.951668	-1.621674	68.576510	-27.197062	-86.146478	45.062541	-76.086172	54.470428	-61.126999	-64.400319	76.851460	-6.464529	-18.598516	17.534107	44.577340	-6.257287	-16.195854	-69.336272	
90	-54.930084	56.518707	-83.842527	78.781105	-42.865517	11.008408	-70.581113	-36.067188	-25.328545	43.357222	78.910927	6.178199	5.951668	-1.621674	68.576510	-27.197062	-86.146478	45.062541	-76.086172	54.470428	-61.126999	-64.400319	76.851460	-6.464529	-18.598516	17.534107	44.577340	-6.257287	-16.195854	-69.336272	
105	-54.930084	56.518707	-83.842527	78.781105	-42.865517	11.008408	-70.581113	-36.067188	-25.328545	43.357222	78.910927	6.178199	5.951668	-1.621674	68.576510	-27.197062	-86.146478	45.062541	-76.086172	54.470428	-61.126999	-64.400319	76.851460	-6.464529	-18.598516	17.534107	44.577340	-6.257287	-16.195854	-69.336272	
120	-54.930084	56.518707	-83.842527	78.781105	-42.865517	11.008408	-70.581113	-36.067188	-25.328545	43.357222	78.910927	6.178199	5.951668	-1.621674	68.576510	-27.197062	-86.146478	45.062541	-76.086172	54.470428	-61.126999	-64.400319	76.851460	-6.464529	-18.598516	17.534107	44.577340	-6.257287	-16.195854	-69.336272	
135	-54.930084	56.518707	-83.842527	78.781105	-42.865517	11.008408	-70.581113	-36.067188	-25.328545	43.357222	78.910927	6.178199	5.951668	-1.621674	68.576510	-27.197062	-86.146478	45.062541	-76.086172	54.470428	-61.126999	-64.400319	76.851460	-6.464529	-18.598516	17.534107	44.577340	-6.257287	-16.195854	-69.336272	
150	-54.930084	56.518707	-83.842527	78.781105	-42.865517	11.008408	-70.581113	-36.067188	-25.328545	43.357222	78.910927	6.178199	5.951668	-1.621674	68.576510	-27.197062	-86.146478	45.062541	-76.086172	54.470428	-61.126999	-64.400319	76.851460	-6.464529	-18.598516	17.534107	44.577340	-6.257287	-16.195854	-69.336272	
300	-54.930084	56.518707	-83.842527	78.781105	-42.865517	11.008408	-70.581113	-36.067188	-25.328545	43.357222	78.910927	6.178199	5.951668	-1.621674	68.576510	-27.197062	-86.146478	45.062541	-76.086172	54.470428	-61.126999	-64.400319	76.851460	-6.464529	-18.598516	17.534107	44.577340	-6.257287	-16.195854	-69.336272	
450	-56.239566	-89.365696	-54.248998	15.169343	-91.461038	-45.832240	76.807750	32.255034	-15.055463	76.962003	-19.575296	50.440967	-82.143328	-94.909849	88.055950	-42.773135	72.014593	92.581236	46.209567	-25.744255	-38.785585	29.784767	-76.847508	-98.540650	-28.933374	-69.901450	74.931810	20.616849	89.165448	98.982146	
600	-56.239566	-89.365696	-54.248998	15.169343	-91.461038	-45.832240	76.807750	32.255034	-15.055463	76.962003	-19.575296	50.440967	-82.143328	-94.909849	88.055950	-42.773135	72.014593	92.581236	46.209567	-25.744255	-38.785585	29.784767	-76.847508	-98.540650	-28.933374	-69.901450	74.931810	20.616849	89.165448	98.982146	
750	-56.239566	-89.365696	-54.248998	15.169343	-91.461038	-45.832240	76.807750	32.255034	-15.055463	76.962003	-19.575296	50.440967	-82.143328	-94.909849	88.055950	-42.773135	72.014593	92.581236	46.209567	-25.744255	-38.785585	29.784767	-76.847508	-98.540650	-28.933374	-69.901450	74.931810	20.616849	89.165448	98.982146	
900	-56.239566	-89.365696	-54.248998	15.169343	-91.461038	-45.832240	76.807750	32.255034	-15.055463	76.962003	-19.575296	50.440967	-82.143328	-94.909849	88.055950	-42.773135	72.014593	92.581236	46.209567	-25.744255	-38.785585	29.784767	-76.847508	-98.540650	-28.933374	-69.901450	74.931810	20.616849	89.165448	98.982146	
1050	-56.239566	-89.365696	-54.248998	15.169343	-91.461038	-45.832240	76.807750	32.255034	-15.055463	76.962003	-19.575296	50.440967	-82.143328	-94.909849	88.055950	-42.773135	72.014593	92.581236	46.209567	-25.744255	-38.785585	29.784767	-76.847508	-98.540650	-28.933374	-69.901450	74.931810	20.616849	89.165448	98.982146	
1200	-56.239566	-89.365696	-54.248998	15.169343	-91.461038	-45.832240	76.807750	32.255034	-15.055463	76.962003	-19.575296	50.440967	-82.143328	-94.909849	88.055950	-42.773135	72.014593	92.581236	46.209567	-25.744255	-38.785585	29.784767	-76.847508	-98.540650	-28.933374	-69.901450	74.931810	20.616849	89.165448	98.982146	
1350	-62.310323	-63.494840	21.468103	87.682592	33.574620	-58.239643	47.684991	1.965040	53.487449	-97.106783	-9.759862	-77.822038	84.466472	-30.547528	-77.530341	81.776252	25.103626	13.319680	68.725307	81.390456	-60.463463	13.689101	46.632478	9.158341	-26.078157	-28.499677	-74.730815	-21.235950	44.640017	5.259575	
1500	-62.310323	-63.494840	21.468103	87.682592	33.574620	-58.239643	47.684991	1.965040	53.487449	-97.106783	-9.759862	-77.822038	84.466472	-30.547528	-77.530341	81.776252	25.103626	13.319680	68.725307	81.390456	-60.463463	13.689101	46.632478	9.158341	-26.078157	-28.499677	-74.730815	-21.235950	44.640017	5.259575	
