%count	x
15	-70.350622	62.524004	23.133496	67.686121	-54.299658	-4.540788	12.105960	76.992260	17.762412	64.057021	57.724394	-31.513498	31.688928	54.503166	94.218667	-69.760944	68.072627	41.054602	-34.145836	-55.003647	81.480979	27.859128	-83.135970	98.826735	-59.690245	-4.293377	-62.793646	3.523919	33.393053	4.963585	
30	-70.350622	62.524004	23.133496	67.686121	-54.299658	-4.540788	12.105960	76.992260	17.762412	64.057021	57.724394	-31.513498	31.688928	54.503166	94.218667	-69.760944	68.072627	41.054602	-34.145836	-55.003647	81.480979	27.859128	-83.135970	98.826735	-59.690245	-4.293377	-62.793646	3.523919	33.393053	4.963585	
45	-56.669013	47.480309	-82.233937	-7.451465	29.447114	35.908187	-86.336820	21.167312	-70.711567	15.785600	48.702770	58.637506	-99.662458	-81.809791	3.820106	-9.145877	69.428848	-90.401071	-1.845142	-33.882013	13.559239	-61.881098	-61.807765	-69.969814	-8.078214	47.780949	-32.394665	57.072097	-1.480129	-73.849630	
60	-56.669013	47.480309	-82.233937	-7.451465	29.447114	35.908187	-86.336820	21.167312	-70.711567	15.785600	48.702770	58.637506	-99.662458	-81.809791	3.820106	-9.145877	69.428848	-90.401071	-1.845142	-33.882013	13.559239	-61.881098	-61.807765	-69.969814	-8.078214	47.780949	-32.394665	57.072097	-1.480129	-73.849630	
75	-56.669013	47.480309	-82.233937	-7.451465	29.447114	35.908187	-86.336820	21.167312	-70.711567	15.785600	48.702770	58.637506	-99.662458	-81.809791	3.820106	-9.145877	69.428848	-90.401071	-1.845142	-33.882013	13.559239	-61.881098	-61.807765	-69.969814	-8.078214	47.780949	-32.394665	57.072097	-1.480129	-73.849630	
90	-56.669013	47.480309	-82.233937	-7.451465	29.447114	35.908187	-86.336820	21.167312	-70.711567	15.785600	48.702770	58.637506	-99.662458	-81.809791	3.820106	-9.145877	69.428848	-90.401071	-1.845142	-33.882013	13.559239	-61.881098	-61.807765	-69.969814	-8.078214	47.780949	-32.394665	57.072097	-1.480129	-73.849630	
105	-56.669013	47.480309	-82.233937	-7.451465	29.447114	35.908187	-86.336820	21.167312	-70.711567	15.785600	48.702770	58.637506	-99.662458	-81.809791	3.820106	-9.145877	69.428848	-90.401071	-1.845142	-33.882013	13.559239	-61.881098	-61.807765	-69.969814	-8.078214	47.780949	-32.394665	57.072097	-1.480129	-73.849630	
120	-56.669013	47.480309	-82.233937	-7.451465	29.447114	35.908187	-86.336820	21.167312	-70.711567	15.785600	48.702770	58.637506	-99.662458	-81.809791	3.820106	-9.145877	69.428848	-90.401071	-1.845142	-33.882013	13.559239	-61.881098	-61.807765	-69.969814	-8.078214	47.780949	-32.394665	57.072097	-1.480129	-73.849630	
135	-56.669013	47.480309	-82.233937	-7.451465	29.447114	35.908187	-86.336820	21.167312	-70.711567	15.785600	48.702770	58.637506	-99.662458	-81.809791	3.820106	-9.145877	69.428848	-90.401071	-1.845142	-33.882013	13.559239	-61.881098	-61.807765	-69.969814	-8.078214	47.780949	-32.394665	57.072097	-1.480129	-73.849630	
150	-56.669013	47.480309	-82.233937	-7.451465	29.447114	35.908187	-86.336820	21.167312	-70.711567	15.785600	48.702770	58.637506	-99.662458	-81.809791	3.820106	-9.145877	69.428848	-90.401071	-1.845142	-33.882013	13.559239	-61.881098	-61.807765	-69.969814	-8.078214	47.780949	-32.394665	57.072097	-1.480129	-73.849630	
300	-70.711955	81.229599	11.689139	-94.174958	-63.647061	46.456313	-47.263778	89.974499	21.972400	-80.359951	77.129942	-73.089414	-33.011572	58.435888	51.476105	-64.637937	67.703964	-3.423145	66.495227	-59.006352	-21.339022	-43.836852	-80.526199	62.606976	72.314818	-51.667667	-28.454585	66.604356	17.967648	23.144884	
450	65.111740	19.806166	-68.763610	28.371092	1.549725	-50.917214	-80.027165	61.563018	-31.826693	-46.128313	-81.452096	-7.175916	-95.904187	-42.955611	57.079618	56.159051	8.407939	49.140205	-29.472609	-59.810806	20.393161	32.646533	2.420789	93.438778	-30.332948	20.978153	-51.786759	41.737970	-35.952219	-75.423910	
600	65.111740	19.806166	-68.763610	28.371092	1.549725	-50.917214	-80.027165	61.563018	-31.826693	-46.128313	-81.452096	-7.175916	-95.904187	-42.955611	57.079618	56.159051	8.407939	49.140205	-29.472609	-59.810806	20.393161	32.646533	2.420789	93.438778	-30.332948	20.978153	-51.786759	41.737970	-35.952219	-75.423910	
750	-22.509856	-7.597962	-5.728009	-22.552588	-46.558060	55.076559	43.527902	67.824308	-29.169431	63.242134	93.050752	-6.864240	-84.718040	-33.287456	-47.709826	-62.141410	93.851240	74.100560	-33.211120	-38.866514	24.141895	9.692171	27.555205	7.987859	-23.420646	5.525473	-30.420240	-65.736582	-86.662993	-67.958816	
900	-22.509856	-7.597962	-5.728009	-22.552588	-46.558060	55.076559	43.527902	67.824308	-29.169431	63.242134	93.050752	-6.864240	-84.718040	-33.287456	-47.709826	-62.141410	93.851240	74.100560	-33.211120	-38.866514	24.141895	9.692171	27.555205	7.987859	-23.420646	5.525473	-30.420240	-65.736582	-86.662993	-67.958816	
1050	-22.509856	-7.597962	-5.728009	-22.552588	-46.558060	55.076559	43.527902	67.824308	-29.169431	63.242134	93.050752	-6.864240	-84.718040	-33.287456	-47.709826	-62.141410	93.851240	74.100560	-33.211120	-38.866514	24.141895	9.692171	27.555205	7.987859	-23.420646	5.525473	-30.420240	-65.736582	-86.662993	-67.958816	
1200	-22.509856	-7.597962	-5.728009	-22.552588	-46.558060	55.076559	43.527902	67.824308	-29.169431	63.242134	93.050752	-6.864240	-84.718040	-33.287456	-47.709826	-62.141410	93.851240	74.100560	-33.211120	-38.866514	24.141895	9.692171	27.555205	7.987859	-23.420646	5.525473	-30.420240	-65.736582	-86.662993	-67.958816	
1350	-22.509856	-7.597962	-5.728009	-22.552588	-46.558060	55.076559	43.527902	67.824308	-29.169431	63.242134	93.050752	-6.864240	-84.718040	-33.287456	-47.709826	-62.141410	93.851240	74.100560	-33.211120	-38.866514	24.141895	9.692171	27.555205	7.987859	-23.420646	5.525473	-30.420240	-65.736582	-86.662993	-67.958816	
1500	-22.509856	-7.597962	-5.728009	-22.552588	-46.558060	55.076559	43.527902	67.824308	-29.169431	63.242134	93.050752	-6.864240	-84.718040	-33.287456	-47.709826	-62.141410	93.851240	74.100560	-33.211120	-38.866514	24.141895	9.692171	27.555205	7.987859	-23.420646	5.525473	-30.420240	-65.736582	-86.662993	-67.958816	
