%count	x
15	47.361185	58.705041	-29.262792	48.395205	-42.273727	70.730369	-49.573498	52.424877	39.735450	-41.946955	10.637358	-7.183355	-76.505604	-10.292226	26.681819	-25.205705	-80.583734	-81.579026	9.732950	-37.933695	-1.373206	18.152747	-54.315468	-73.983004	-4.207641	15.213781	-13.769387	-15.998754	54.875422	-59.454464	
30	47.361185	58.705041	-29.262792	48.395205	-42.273727	70.730369	-49.573498	52.424877	39.735450	-41.946955	10.637358	-7.183355	-76.505604	-10.292226	26.681819	-25.205705	-80.583734	-81.579026	9.732950	-37.933695	-1.373206	18.152747	-54.315468	-73.983004	-4.207641	15.213781	-13.769387	-15.998754	54.875422	-59.454464	
45	47.361185	58.705041	-29.262792	48.395205	-42.273727	70.730369	-49.573498	52.424877	39.735450	-41.946955	10.637358	-7.183355	-76.505604	-10.292226	26.681819	-25.205705	-80.583734	-81.579026	9.732950	-37.933695	-1.373206	18.152747	-54.315468	-73.983004	-4.207641	15.213781	-13.769387	-15.998754	54.875422	-59.454464	
60	47.361185	58.705041	-29.262792	48.395205	-42.273727	70.730369	-49.573498	52.424877	39.735450	-41.946955	10.637358	-7.183355	-76.505604	-10.292226	26.681819	-25.205705	-80.583734	-81.579026	9.732950	-37.933695	-1.373206	18.152747	-54.315468	-73.983004	-4.207641	15.213781	-13.769387	-15.998754	54.875422	-59.454464	
75	47.361185	58.705041	-29.262792	48.395205	-42.273727	70.730369	-49.573498	52.424877	39.735450	-41.946955	10.637358	-7.183355	-76.505604	-10.292226	26.681819	-25.205705	-80.583734	-81.579026	9.732950	-37.933695	-1.373206	18.152747	-54.315468	-73.983004	-4.207641	15.213781	-13.769387	-15.998754	54.875422	-59.454464	
90	47.361185	58.705041	-29.262792	48.395205	-42.273727	70.730369	-49.573498	52.424877	39.735450	-41.946955	10.637358	-7.183355	-76.505604	-10.292226	26.681819	-25.205705	-80.583734	-81.579026	9.732950	-37.933695	-1.373206	18.152747	-54.315468	-73.983004	-4.207641	15.213781	-13.769387	-15.998754	54.875422	-59.454464	
105	47.361185	58.705041	-29.262792	48.395205	-42.273727	70.730369	-49.573498	52.424877	39.735450	-41.946955	10.637358	-7.183355	-76.505604	-10.292226	26.681819	-25.205705	-80.583734	-81.579026	9.732950	-37.933695	-1.373206	18.152747	-54.315468	-73.983004	-4.207641	15.213781	-13.769387	-15.998754	54.875422	-59.454464	
120	47.361185	58.705041	-29.262792	48.395205	-42.273727	70.730369	-49.573498	52.424877	39.735450	-41.946955	10.637358	-7.183355	-76.505604	-10.292226	26.681819	-25.205705	-80.583734	-81.579026	9.732950	-37.933695	-1.373206	18.152747	-54.315468	-73.983004	-4.207641	15.213781	-13.769387	-15.998754	54.875422	-59.454464	
135	47.361185	58.705041	-29.262792	48.395205	-42.273727	70.730369	-49.573498	52.424877	39.735450	-41.946955	10.637358	-7.183355	-76.505604	-10.292226	26.681819	-25.205705	-80.583734	-81.579026	9.732950	-37.933695	-1.373206	18.152747	-54.315468	-73.983004	-4.207641	15.213781	-13.769387	-15.998754	54.875422	-59.454464	
150	47.361185	58.705041	-29.262792	48.395205	-42.273727	70.730369	-49.573498	52.424877	39.735450	-41.946955	10.637358	-7.183355	-76.505604	-10.292226	26.681819	-25.205705	-80.583734	-81.579026	9.732950	-37.933695	-1.373206	18.152747	-54.315468	-73.983004	-4.207641	15.213781	-13.769387	-15.998754	54.875422	-59.454464	
300	47.361185	58.705041	-29.262792	48.395205	-42.273727	70.730369	-49.573498	52.424877	39.735450	-41.946955	10.637358	-7.183355	-76.505604	-10.292226	26.681819	-25.205705	-80.583734	-81.579026	9.732950	-37.933695	-1.373206	18.152747	-54.315468	-73.983004	-4.207641	15.213781	-13.769387	-15.998754	54.875422	-59.454464	
450	-70.233124	-49.408741	16.328903	-47.295433	-22.143430	9.850213	22.481480	48.111328	-76.236180	-87.465888	91.021353	-48.982580	-23.483746	-17.972645	-2.003660	-95.079996	39.547748	-10.346951	53.937463	49.078814	11.692433	7.512467	-32.927039	-31.131694	75.115468	83.067637	-37.527719	-39.423002	-24.515507	-2.090213	
600	-70.233124	-49.408741	16.328903	-47.295433	-22.143430	9.850213	22.481480	48.111328	-76.236180	-87.465888	91.021353	-48.982580	-23.483746	-17.972645	-2.003660	-95.079996	39.547748	-10.346951	53.937463	49.078814	11.692433	7.512467	-32.927039	-31.131694	75.115468	83.067637	-37.527719	-39.423002	-24.515507	-2.090213	
750	-70.233124	-49.408741	16.328903	-47.295433	-22.143430	9.850213	22.481480	48.111328	-76.236180	-87.465888	91.021353	-48.982580	-23.483746	-17.972645	-2.003660	-95.079996	39.547748	-10.346951	53.937463	49.078814	11.692433	7.512467	-32.927039	-31.131694	75.115468	83.067637	-37.527719	-39.423002	-24.515507	-2.090213	
900	-70.233124	-49.408741	16.328903	-47.295433	-22.143430	9.850213	22.481480	48.111328	-76.236180	-87.465888	91.021353	-48.982580	-23.483746	-17.972645	-2.003660	-95.079996	39.547748	-10.346951	53.937463	49.078814	11.692433	7.512467	-32.927039	-31.131694	75.115468	83.067637	-37.527719	-39.423002	-24.515507	-2.090213	
1050	3.285538	48.232196	45.136837	84.562994	93.344593	-35.574449	-67.449649	45.804086	10.151312	-65.294529	-9.120234	39.255351	46.429838	75.046998	81.034983	-19.856352	22.459953	15.717476	-56.281730	-20.163482	9.435943	-36.897123	-93.800193	-89.639772	-36.198503	71.083338	-52.937260	-4.318056	-99.330085	-72.982650	
1200	3.285538	48.232196	45.136837	84.562994	93.344593	-35.574449	-67.449649	45.804086	10.151312	-65.294529	-9.120234	39.255351	46.429838	75.046998	81.034983	-19.856352	22.459953	15.717476	-56.281730	-20.163482	9.435943	-36.897123	-93.800193	-89.639772	-36.198503	71.083338	-52.937260	-4.318056	-99.330085	-72.982650	
1350	3.285538	48.232196	45.136837	84.562994	93.344593	-35.574449	-67.449649	45.804086	10.151312	-65.294529	-9.120234	39.255351	46.429838	75.046998	81.034983	-19.856352	22.459953	15.717476	-56.281730	-20.163482	9.435943	-36.897123	-93.800193	-89.639772	-36.198503	71.083338	-52.937260	-4.318056	-99.330085	-72.982650	
1500	3.285538	48.232196	45.136837	84.562994	93.344593	-35.574449	-67.449649	45.804086	10.151312	-65.294529	-9.120234	39.255351	46.429838	75.046998	81.034983	-19.856352	22.459953	15.717476	-56.281730	-20.163482	9.435943	-36.897123	-93.800193	-89.639772	-36.198503	71.083338	-52.937260	-4.318056	-99.330085	-72.982650	
