%count	x
15	-48.587013	-57.313092	58.594032	52.484895	-74.216784	-29.496056	-64.264723	93.812462	-25.726383	83.914538	-20.139996	23.697569	-61.319789	-23.865716	34.130281	82.119758	85.899599	33.961848	-11.020847	75.879571	-79.240390	-44.953297	30.808678	13.266832	-1.174590	67.885571	-25.690095	48.954957	32.563668	52.152261	
30	-48.587013	-57.313092	58.594032	52.484895	-74.216784	-29.496056	-64.264723	93.812462	-25.726383	83.914538	-20.139996	23.697569	-61.319789	-23.865716	34.130281	82.119758	85.899599	33.961848	-11.020847	75.879571	-79.240390	-44.953297	30.808678	13.266832	-1.174590	67.885571	-25.690095	48.954957	32.563668	52.152261	
45	6.020868	78.612983	97.925819	-84.698116	-68.713767	74.785314	-48.132172	-22.980524	-82.751816	70.017485	9.832253	47.670340	-14.066130	-61.500562	48.168872	-83.968578	83.402849	-97.168882	-16.282349	-34.165662	30.331141	-60.649495	-95.629666	71.955348	-26.587930	35.200903	-45.703673	49.966623	90.999280	-46.561444	
60	6.020868	78.612983	97.925819	-84.698116	-68.713767	74.785314	-48.132172	-22.980524	-82.751816	70.017485	9.832253	47.670340	-14.066130	-61.500562	48.168872	-83.968578	83.402849	-97.168882	-16.282349	-34.165662	30.331141	-60.649495	-95.629666	71.955348	-26.587930	35.200903	-45.703673	49.966623	90.999280	-46.561444	
75	6.020868	78.612983	97.925819	-84.698116	-68.713767	74.785314	-48.132172	-22.980524	-82.751816	70.017485	9.832253	47.670340	-14.066130	-61.500562	48.168872	-83.968578	83.402849	-97.168882	-16.282349	-34.165662	30.331141	-60.649495	-95.629666	71.955348	-26.587930	35.200903	-45.703673	49.966623	90.999280	-46.561444	
90	6.020868	78.612983	97.925819	-84.698116	-68.713767	74.785314	-48.132172	-22.980524	-82.751816	70.017485	9.832253	47.670340	-14.066130	-61.500562	48.168872	-83.968578	83.402849	-97.168882	-16.282349	-34.165662	30.331141	-60.649495	-95.629666	71.955348	-26.587930	35.200903	-45.703673	49.966623	90.999280	-46.561444	
105	-26.016415	-32.556334	1.450015	49.614133	79.744014	44.376797	5.542790	51.994436	26.418444	-0.293391	11.767848	-48.167180	-4.508861	26.749315	-8.475706	67.330932	-88.981863	-45.728630	8.356483	-46.066819	-35.370357	-63.577998	-52.569457	57.814463	-58.117157	16.164066	12.771753	45.414142	-61.049593	0.250789	
120	-26.016415	-32.556334	1.450015	49.614133	79.744014	44.376797	5.542790	51.994436	26.418444	-0.293391	11.767848	-48.167180	-4.508861	26.749315	-8.475706	67.330932	-88.981863	-45.728630	8.356483	-46.066819	-35.370357	-63.577998	-52.569457	57.814463	-58.117157	16.164066	12.771753	45.414142	-61.049593	0.250789	
135	-26.016415	-32.556334	1.450015	49.614133	79.744014	44.376797	5.542790	51.994436	26.418444	-0.293391	11.767848	-48.167180	-4.508861	26.749315	-8.475706	67.330932	-88.981863	-45.728630	8.356483	-46.066819	-35.370357	-63.577998	-52.569457	57.814463	-58.117157	16.164066	12.771753	45.414142	-61.049593	0.250789	
150	-26.016415	-32.556334	1.450015	49.614133	79.744014	44.376797	5.542790	51.994436	26.418444	-0.293391	11.767848	-48.167180	-4.508861	26.749315	-8.475706	67.330932	-88.981863	-45.728630	8.356483	-46.066819	-35.370357	-63.577998	-52.569457	57.814463	-58.117157	16.164066	12.771753	45.414142	-61.049593	0.250789	
300	-26.016415	-32.556334	1.450015	49.614133	79.744014	44.376797	5.542790	51.994436	26.418444	-0.293391	11.767848	-48.167180	-4.508861	26.749315	-8.475706	67.330932	-88.981863	-45.728630	8.356483	-46.066819	-35.370357	-63.577998	-52.569457	57.814463	-58.117157	16.164066	12.771753	45.414142	-61.049593	0.250789	
450	-26.016415	-32.556334	1.450015	49.614133	79.744014	44.376797	5.542790	51.994436	26.418444	-0.293391	11.767848	-48.167180	-4.508861	26.749315	-8.475706	67.330932	-88.981863	-45.728630	8.356483	-46.066819	-35.370357	-63.577998	-52.569457	57.814463	-58.117157	16.164066	12.771753	45.414142	-61.049593	0.250789	
600	-15.410368	-50.288808	-90.233685	58.699631	18.999605	11.998750	-9.578762	96.294100	73.936763	-35.191339	49.614416	-93.101709	-24.101169	-61.074567	-27.671158	-17.910193	44.586830	-90.851639	-10.454106	-47.945672	53.094740	88.700139	-20.929330	-4.929272	96.615961	50.207599	81.602608	-4.813044	93.725187	58.181443	
750	-15.410368	-50.288808	-90.233685	58.699631	18.999605	11.998750	-9.578762	96.294100	73.936763	-35.191339	49.614416	-93.101709	-24.101169	-61.074567	-27.671158	-17.910193	44.586830	-90.851639	-10.454106	-47.945672	53.094740	88.700139	-20.929330	-4.929272	96.615961	50.207599	81.602608	-4.813044	93.725187	58.181443	
900	-15.410368	-50.288808	-90.233685	58.699631	18.999605	11.998750	-9.578762	96.294100	73.936763	-35.191339	49.614416	-93.101709	-24.101169	-61.074567	-27.671158	-17.910193	44.586830	-90.851639	-10.454106	-47.945672	53.094740	88.700139	-20.929330	-4.929272	96.615961	50.207599	81.602608	-4.813044	93.725187	58.181443	
1050	-15.410368	-50.288808	-90.233685	58.699631	18.999605	11.998750	-9.578762	96.294100	73.936763	-35.191339	49.614416	-93.101709	-24.101169	-61.074567	-27.671158	-17.910193	44.586830	-90.851639	-10.454106	-47.945672	53.094740	88.700139	-20.929330	-4.929272	96.615961	50.207599	81.602608	-4.813044	93.725187	58.181443	
1200	-15.410368	-50.288808	-90.233685	58.699631	18.999605	11.998750	-9.578762	96.294100	73.936763	-35.191339	49.614416	-93.101709	-24.101169	-61.074567	-27.671158	-17.910193	44.586830	-90.851639	-10.454106	-47.945672	53.094740	88.700139	-20.929330	-4.929272	96.615961	50.207599	81.602608	-4.813044	93.725187	58.181443	
1350	-15.410368	-50.288808	-90.233685	58.699631	18.999605	11.998750	-9.578762	96.294100	73.936763	-35.191339	49.614416	-93.101709	-24.101169	-61.074567	-27.671158	-17.910193	44.586830	-90.851639	-10.454106	-47.945672	53.094740	88.700139	-20.929330	-4.929272	96.615961	50.207599	81.602608	-4.813044	93.725187	58.181443	
1500	-89.406408	59.998440	-26.171213	-19.928932	7.939532	7.637438	6.338761	97.393215	-64.648659	-55.978678	45.426499	41.077476	-64.009367	-9.162791	-43.633852	80.857815	37.824594	-17.787712	65.478161	32.777105	92.910840	50.655458	-56.800457	39.681542	42.383559	36.233266	71.849818	-9.205131	-90.206471	61.389693	
