%count	x
15	-74.714993	-81.067806	22.795038	77.933155	-63.127002	-52.548119	60.357004	38.760837	-3.372083	-93.081280	-7.332416	5.717280	-13.150484	-79.070171	50.559709	57.306814	-46.154975	-31.892532	-94.522991	95.709418	-3.759793	34.383228	-17.495599	-32.881235	-61.813297	93.118619	-36.098294	78.764390	-98.325731	7.504762	
30	-74.714993	-81.067806	22.795038	77.933155	-63.127002	-52.548119	60.357004	38.760837	-3.372083	-93.081280	-7.332416	5.717280	-13.150484	-79.070171	50.559709	57.306814	-46.154975	-31.892532	-94.522991	95.709418	-3.759793	34.383228	-17.495599	-32.881235	-61.813297	93.118619	-36.098294	78.764390	-98.325731	7.504762	
45	-51.497851	-27.493560	32.708983	-43.217011	-3.235750	7.026745	88.386436	-41.717166	-31.361674	-36.475141	52.422492	11.971500	-36.337464	-84.561650	-25.010038	89.384925	93.096669	-27.732962	50.524949	19.541799	72.334780	50.598799	47.576117	83.462343	30.495556	-44.638803	-70.520333	-63.936734	97.849487	85.298877	
60	-51.497851	-27.493560	32.708983	-43.217011	-3.235750	7.026745	88.386436	-41.717166	-31.361674	-36.475141	52.422492	11.971500	-36.337464	-84.561650	-25.010038	89.384925	93.096669	-27.732962	50.524949	19.541799	72.334780	50.598799	47.576117	83.462343	30.495556	-44.638803	-70.520333	-63.936734	97.849487	85.298877	
75	-51.497851	-27.493560	32.708983	-43.217011	-3.235750	7.026745	88.386436	-41.717166	-31.361674	-36.475141	52.422492	11.971500	-36.337464	-84.561650	-25.010038	89.384925	93.096669	-27.732962	50.524949	19.541799	72.334780	50.598799	47.576117	83.462343	30.495556	-44.638803	-70.520333	-63.936734	97.849487	85.298877	
90	-51.497851	-27.493560	32.708983	-43.217011	-3.235750	7.026745	88.386436	-41.717166	-31.361674	-36.475141	52.422492	11.971500	-36.337464	-84.561650	-25.010038	89.384925	93.096669	-27.732962	50.524949	19.541799	72.334780	50.598799	47.576117	83.462343	30.495556	-44.638803	-70.520333	-63.936734	97.849487	85.298877	
105	-51.497851	-27.493560	32.708983	-43.217011	-3.235750	7.026745	88.386436	-41.717166	-31.361674	-36.475141	52.422492	11.971500	-36.337464	-84.561650	-25.010038	89.384925	93.096669	-27.732962	50.524949	19.541799	72.334780	50.598799	47.576117	83.462343	30.495556	-44.638803	-70.520333	-63.936734	97.849487	85.298877	
120	-38.344268	-95.294784	-27.401798	48.393527	-25.642847	62.291543	-56.678447	-81.458834	-69.028276	-59.701661	65.055070	51.295712	57.431066	45.737131	50.932220	-3.941556	-88.410323	82.977184	48.742172	-88.960899	57.433692	77.113400	7.257092	-85.583337	64.890114	39.400781	-96.742425	-98.347823	56.510987	-39.449771	
135	-38.344268	-95.294784	-27.401798	48.393527	-25.642847	62.291543	-56.678447	-81.458834	-69.028276	-59.701661	65.055070	51.295712	57.431066	45.737131	50.932220	-3.941556	-88.410323	82.977184	48.742172	-88.960899	57.433692	77.113400	7.257092	-85.583337	64.890114	39.400781	-96.742425	-98.347823	56.510987	-39.449771	
150	-38.344268	-95.294784	-27.401798	48.393527	-25.642847	62.291543	-56.678447	-81.458834	-69.028276	-59.701661	65.055070	51.295712	57.431066	45.737131	50.932220	-3.941556	-88.410323	82.977184	48.742172	-88.960899	57.433692	77.113400	7.257092	-85.583337	64.890114	39.400781	-96.742425	-98.347823	56.510987	-39.449771	
300	-52.160303	56.832833	-67.827068	86.805310	-20.896985	-32.389256	-47.502787	-30.664564	-14.822457	57.695354	-71.824055	-68.872351	20.156002	-85.292648	91.208410	-32.520031	-85.762960	-70.310360	7.330171	-97.608452	91.446208	59.749194	-88.390839	-22.595546	4.983065	69.528733	-2.015639	88.239033	-37.020187	-24.959132	
450	-97.632241	-62.869381	-55.078545	85.291170	11.637646	11.266771	-74.358583	75.745817	14.734891	-63.445124	-0.344704	70.485170	-75.744491	3.641965	37.394822	72.468860	35.095010	54.384661	-40.305471	-24.558964	95.532665	-7.280570	16.435202	-32.534482	16.664762	-15.611507	17.618272	7.910192	8.478889	-62.789171	
600	-81.815643	46.264293	82.734355	61.603235	-3.235642	39.162526	-48.787432	92.768687	-46.090346	-81.648167	-5.375755	80.769072	-72.481679	45.624562	-53.422651	46.143729	-43.577732	60.202087	-49.960106	-20.611670	74.604296	42.000336	44.721910	45.770804	6.368011	80.867267	37.911982	4.628627	69.301095	-5.146609	
750	-81.815643	46.264293	82.734355	61.603235	-3.235642	39.162526	-48.787432	92.768687	-46.090346	-81.648167	-5.375755	80.769072	-72.481679	45.624562	-53.422651	46.143729	-43.577732	60.202087	-49.960106	-20.611670	74.604296	42.000336	44.721910	45.770804	6.368011	80.867267	37.911982	4.628627	69.301095	-5.146609	
900	-81.815643	46.264293	82.734355	61.603235	-3.235642	39.162526	-48.787432	92.768687	-46.090346	-81.648167	-5.375755	80.769072	-72.481679	45.624562	-53.422651	46.143729	-43.577732	60.202087	-49.960106	-20.611670	74.604296	42.000336	44.721910	45.770804	6.368011	80.867267	37.911982	4.628627	69.301095	-5.146609	
1050	-81.815643	46.264293	82.734355	61.603235	-3.235642	39.162526	-48.787432	92.768687	-46.090346	-81.648167	-5.375755	80.769072	-72.481679	45.624562	-53.422651	46.143729	-43.577732	60.202087	-49.960106	-20.611670	74.604296	42.000336	44.721910	45.770804	6.368011	80.867267	37.911982	4.628627	69.301095	-5.146609	
1200	-81.815643	46.264293	82.734355	61.603235	-3.235642	39.162526	-48.787432	92.768687	-46.090346	-81.648167	-5.375755	80.769072	-72.481679	45.624562	-53.422651	46.143729	-43.577732	60.202087	-49.960106	-20.611670	74.604296	42.000336	44.721910	45.770804	6.368011	80.867267	37.911982	4.628627	69.301095	-5.146609	
1350	-81.815643	46.264293	82.734355	61.603235	-3.235642	39.162526	-48.787432	92.768687	-46.090346	-81.648167	-5.375755	80.769072	-72.481679	45.624562	-53.422651	46.143729	-43.577732	60.202087	-49.960106	-20.611670	74.604296	42.000336	44.721910	45.770804	6.368011	80.867267	37.911982	4.628627	69.301095	-5.146609	
1500	-81.815643	46.264293	82.734355	61.603235	-3.235642	39.162526	-48.787432	92.768687	-46.090346	-81.648167	-5.375755	80.769072	-72.481679	45.624562	-53.422651	46.143729	-43.577732	60.202087	-49.960106	-20.611670	74.604296	42.000336	44.721910	45.770804	6.368011	80.867267	37.911982	4.628627	69.301095	-5.146609	
