%count	x
15	56.115858	-29.981165	90.767323	27.950607	28.229394	-57.983525	65.071036	-37.295798	-58.975584	95.248853	20.704765	-18.027623	74.220582	48.543045	31.555632	2.058893	50.065822	26.252365	13.970081	68.872172	1.356611	2.830364	-6.477394	-33.800854	6.686494	-52.192660	-34.373179	87.829008	83.942691	-50.687559	
30	56.115858	-29.981165	90.767323	27.950607	28.229394	-57.983525	65.071036	-37.295798	-58.975584	95.248853	20.704765	-18.027623	74.220582	48.543045	31.555632	2.058893	50.065822	26.252365	13.970081	68.872172	1.356611	2.830364	-6.477394	-33.800854	6.686494	-52.192660	-34.373179	87.829008	83.942691	-50.687559	
45	56.115858	-29.981165	90.767323	27.950607	28.229394	-57.983525	65.071036	-37.295798	-58.975584	95.248853	20.704765	-18.027623	74.220582	48.543045	31.555632	2.058893	50.065822	26.252365	13.970081	68.872172	1.356611	2.830364	-6.477394	-33.800854	6.686494	-52.192660	-34.373179	87.829008	83.942691	-50.687559	
60	74.719852	-36.995765	18.820265	32.489089	6.780979	-82.927062	75.025133	-42.413313	-41.607888	52.281499	-94.274641	61.714541	83.700063	-11.811099	20.775472	73.516068	-37.350299	23.073056	45.410414	28.056712	22.230646	68.759310	46.724311	-25.571332	-31.571631	-24.652152	96.603789	90.980331	6.703063	55.267357	
75	74.719852	-36.995765	18.820265	32.489089	6.780979	-82.927062	75.025133	-42.413313	-41.607888	52.281499	-94.274641	61.714541	83.700063	-11.811099	20.775472	73.516068	-37.350299	23.073056	45.410414	28.056712	22.230646	68.759310	46.724311	-25.571332	-31.571631	-24.652152	96.603789	90.980331	6.703063	55.267357	
90	74.719852	-36.995765	18.820265	32.489089	6.780979	-82.927062	75.025133	-42.413313	-41.607888	52.281499	-94.274641	61.714541	83.700063	-11.811099	20.775472	73.516068	-37.350299	23.073056	45.410414	28.056712	22.230646	68.759310	46.724311	-25.571332	-31.571631	-24.652152	96.603789	90.980331	6.703063	55.267357	
105	74.719852	-36.995765	18.820265	32.489089	6.780979	-82.927062	75.025133	-42.413313	-41.607888	52.281499	-94.274641	61.714541	83.700063	-11.811099	20.775472	73.516068	-37.350299	23.073056	45.410414	28.056712	22.230646	68.759310	46.724311	-25.571332	-31.571631	-24.652152	96.603789	90.980331	6.703063	55.267357	
120	31.002030	-32.277661	-37.650036	-22.015382	-54.563466	-53.456138	43.024774	52.899116	25.370297	-15.601611	-62.018101	-29.873365	14.967053	-83.398765	-60.152197	26.640277	-76.330177	76.129505	-40.193723	13.568020	20.597798	-58.051788	69.428661	-44.098400	-81.848248	-42.875936	54.953282	-17.023954	99.610801	-57.295663	
135	31.002030	-32.277661	-37.650036	-22.015382	-54.563466	-53.456138	43.024774	52.899116	25.370297	-15.601611	-62.018101	-29.873365	14.967053	-83.398765	-60.152197	26.640277	-76.330177	76.129505	-40.193723	13.568020	20.597798	-58.051788	69.428661	-44.098400	-81.848248	-42.875936	54.953282	-17.023954	99.610801	-57.295663	
150	31.002030	-32.277661	-37.650036	-22.015382	-54.563466	-53.456138	43.024774	52.899116	25.370297	-15.601611	-62.018101	-29.873365	14.967053	-83.398765	-60.152197	26.640277	-76.330177	76.129505	-40.193723	13.568020	20.597798	-58.051788	69.428661	-44.098400	-81.848248	-42.875936	54.953282	-17.023954	99.610801	-57.295663	
300	98.417608	-2.879525	49.951640	-94.013766	79.247237	2.321299	3.381650	66.004824	-61.666031	64.586214	-10.428232	18.415305	-98.010281	-31.585001	36.294757	30.221222	-28.626000	-50.737745	73.945153	-26.415835	25.856596	66.436902	-78.358593	-78.514086	22.869406	-2.524068	-39.153160	-60.083344	-2.286061	-31.242466	
450	98.417608	-2.879525	49.951640	-94.013766	79.247237	2.321299	3.381650	66.004824	-61.666031	64.586214	-10.428232	18.415305	-98.010281	-31.585001	36.294757	30.221222	-28.626000	-50.737745	73.945153	-26.415835	25.856596	66.436902	-78.358593	-78.514086	22.869406	-2.524068	-39.153160	-60.083344	-2.286061	-31.242466	
600	98.417608	-2.879525	49.951640	-94.013766	79.247237	2.321299	3.381650	66.004824	-61.666031	64.586214	-10.428232	18.415305	-98.010281	-31.585001	36.294757	30.221222	-28.626000	-50.737745	73.945153	-26.415835	25.856596	66.436902	-78.358593	-78.514086	22.869406	-2.524068	-39.153160	-60.083344	-2.286061	-31.242466	
750	98.417608	-2.879525	49.951640	-94.013766	79.247237	2.321299	3.381650	66.004824	-61.666031	64.586214	-10.428232	18.415305	-98.010281	-31.585001	36.294757	30.221222	-28.626000	-50.737745	73.945153	-26.415835	25.856596	66.436902	-78.358593	-78.514086	22.869406	-2.524068	-39.153160	-60.083344	-2.286061	-31.242466	
900	-24.474647	68.444687	-70.705487	-72.612689	-50.990759	69.685694	51.150611	93.388569	74.828989	97.703689	-1.385434	-87.363377	-37.379389	-75.911314	-82.444904	-6.789089	-82.579027	-71.727276	49.942293	-40.202447	88.525478	-78.289496	-77.354654	6.951614	-18.854253	-67.485280	-70.049357	16.920917	-7.813185	80.966900	
1050	-24.474647	68.444687	-70.705487	-72.612689	-50.990759	69.685694	51.150611	93.388569	74.828989	97.703689	-1.385434	-87.363377	-37.379389	-75.911314	-82.444904	-6.789089	-82.579027	-71.727276	49.942293	-40.202447	88.525478	-78.289496	-77.354654	6.951614	-18.854253	-67.485280	-70.049357	16.920917	-7.813185	80.966900	
1200	-5.189193	-33.676168	1.066384	-55.445245	-86.546755	-34.368358	87.131400	71.238606	20.312749	-92.114518	-20.680851	78.330169	84.272030	-19.287036	84.138898	56.022990	-9.805156	38.052831	-20.221851	31.131916	2.864426	-15.099633	-92.635418	38.571033	-61.746875	-75.809343	26.947824	-81.158056	9.508222	-9.691504	
1350	73.472842	-39.953696	-14.542425	92.385252	-85.937310	-28.815740	84.652197	-56.939982	56.188530	-37.489453	41.933822	30.489510	54.007918	-48.989466	-65.396670	3.356807	97.500932	29.825605	80.229909	86.082904	36.367274	35.993897	-6.168702	39.653869	84.885002	-91.603450	29.570960	20.855776	51.781773	17.616876	
1500	73.472842	-39.953696	-14.542425	92.385252	-85.937310	-28.815740	84.652197	-56.939982	56.188530	-37.489453	41.933822	30.489510	54.007918	-48.989466	-65.396670	3.356807	97.500932	29.825605	80.229909	86.082904	36.367274	35.993897	-6.168702	39.653869	84.885002	-91.603450	29.570960	20.855776	51.781773	17.616876	
