%count	x
15	-23.162980	8.943909	6.367761	72.803586	45.770824	39.250060	-40.907800	65.387297	-32.560937	97.148903	70.316865	-29.846774	-99.161500	-45.133806	62.174293	22.453988	28.694108	-83.375513	22.960804	-51.455286	-94.630314	53.977281	58.681488	54.409100	-19.426260	-80.608571	9.696125	-87.737813	69.077614	30.070691	
30	-23.162980	8.943909	6.367761	72.803586	45.770824	39.250060	-40.907800	65.387297	-32.560937	97.148903	70.316865	-29.846774	-99.161500	-45.133806	62.174293	22.453988	28.694108	-83.375513	22.960804	-51.455286	-94.630314	53.977281	58.681488	54.409100	-19.426260	-80.608571	9.696125	-87.737813	69.077614	30.070691	
45	-23.162980	8.943909	6.367761	72.803586	45.770824	39.250060	-40.907800	65.387297	-32.560937	97.148903	70.316865	-29.846774	-99.161500	-45.133806	62.174293	22.453988	28.694108	-83.375513	22.960804	-51.455286	-94.630314	53.977281	58.681488	54.409100	-19.426260	-80.608571	9.696125	-87.737813	69.077614	30.070691	
60	-23.162980	8.943909	6.367761	72.803586	45.770824	39.250060	-40.907800	65.387297	-32.560937	97.148903	70.316865	-29.846774	-99.161500	-45.133806	62.174293	22.453988	28.694108	-83.375513	22.960804	-51.455286	-94.630314	53.977281	58.681488	54.409100	-19.426260	-80.608571	9.696125	-87.737813	69.077614	30.070691	
75	-23.162980	8.943909	6.367761	72.803586	45.770824	39.250060	-40.907800	65.387297	-32.560937	97.148903	70.316865	-29.846774	-99.161500	-45.133806	62.174293	22.453988	28.694108	-83.375513	22.960804	-51.455286	-94.630314	53.977281	58.681488	54.409100	-19.426260	-80.608571	9.696125	-87.737813	69.077614	30.070691	
90	-23.162980	8.943909	6.367761	72.803586	45.770824	39.250060	-40.907800	65.387297	-32.560937	97.148903	70.316865	-29.846774	-99.161500	-45.133806	62.174293	22.453988	28.694108	-83.375513	22.960804	-51.455286	-94.630314	53.977281	58.681488	54.409100	-19.426260	-80.608571	9.696125	-87.737813	69.077614	30.070691	
105	-23.162980	8.943909	6.367761	72.803586	45.770824	39.250060	-40.907800	65.387297	-32.560937	97.148903	70.316865	-29.846774	-99.161500	-45.133806	62.174293	22.453988	28.694108	-83.375513	22.960804	-51.455286	-94.630314	53.977281	58.681488	54.409100	-19.426260	-80.608571	9.696125	-87.737813	69.077614	30.070691	
120	-23.162980	8.943909	6.367761	72.803586	45.770824	39.250060	-40.907800	65.387297	-32.560937	97.148903	70.316865	-29.846774	-99.161500	-45.133806	62.174293	22.453988	28.694108	-83.375513	22.960804	-51.455286	-94.630314	53.977281	58.681488	54.409100	-19.426260	-80.608571	9.696125	-87.737813	69.077614	30.070691	
135	-23.162980	8.943909	6.367761	72.803586	45.770824	39.250060	-40.907800	65.387297	-32.560937	97.148903	70.316865	-29.846774	-99.161500	-45.133806	62.174293	22.453988	28.694108	-83.375513	22.960804	-51.455286	-94.630314	53.977281	58.681488	54.409100	-19.426260	-80.608571	9.696125	-87.737813	69.077614	30.070691	
150	-23.162980	8.943909	6.367761	72.803586	45.770824	39.250060	-40.907800	65.387297	-32.560937	97.148903	70.316865	-29.846774	-99.161500	-45.133806	62.174293	22.453988	28.694108	-83.375513	22.960804	-51.455286	-94.630314	53.977281	58.681488	54.409100	-19.426260	-80.608571	9.696125	-87.737813	69.077614	30.070691	
300	-23.162980	8.943909	6.367761	72.803586	45.770824	39.250060	-40.907800	65.387297	-32.560937	97.148903	70.316865	-29.846774	-99.161500	-45.133806	62.174293	22.453988	28.694108	-83.375513	22.960804	-51.455286	-94.630314	53.977281	58.681488	54.409100	-19.426260	-80.608571	9.696125	-87.737813	69.077614	30.070691	
450	-23.162980	8.943909	6.367761	72.803586	45.770824	39.250060	-40.907800	65.387297	-32.560937	97.148903	70.316865	-29.846774	-99.161500	-45.133806	62.174293	22.453988	28.694108	-83.375513	22.960804	-51.455286	-94.630314	53.977281	58.681488	54.409100	-19.426260	-80.608571	9.696125	-87.737813	69.077614	30.070691	
600	-58.790889	-45.718757	-6.378671	-2.404148	37.164256	54.010822	-43.128620	12.807243	-84.703142	96.044303	-21.892727	-41.628475	18.160267	-63.947163	74.097788	36.482250	30.097572	-36.692878	-32.987804	-59.315143	93.510836	-59.963823	22.512165	16.012087	-25.690087	-44.054525	-66.903226	8.983105	-49.780772	-73.831411	
750	-58.790889	-45.718757	-6.378671	-2.404148	37.164256	54.010822	-43.128620	12.807243	-84.703142	96.044303	-21.892727	-41.628475	18.160267	-63.947163	74.097788	36.482250	30.097572	-36.692878	-32.987804	-59.315143	93.510836	-59.963823	22.512165	16.012087	-25.690087	-44.054525	-66.903226	8.983105	-49.780772	-73.831411	
900	-58.790889	-45.718757	-6.378671	-2.404148	37.164256	54.010822	-43.128620	12.807243	-84.703142	96.044303	-21.892727	-41.628475	18.160267	-63.947163	74.097788	36.482250	30.097572	-36.692878	-32.987804	-59.315143	93.510836	-59.963823	22.512165	16.012087	-25.690087	-44.054525	-66.903226	8.983105	-49.780772	-73.831411	
1050	90.604806	25.846802	84.700763	-83.726348	44.244140	-62.211608	96.056521	-3.579337	-59.814865	49.495008	-22.732363	19.840300	-91.479893	14.491625	29.728065	19.537739	97.727775	11.332976	60.160922	29.034183	-99.050641	-12.949772	-5.100169	44.300947	44.123943	-50.133139	-27.964173	21.998325	-5.928859	-21.356392	
1200	90.604806	25.846802	84.700763	-83.726348	44.244140	-62.211608	96.056521	-3.579337	-59.814865	49.495008	-22.732363	19.840300	-91.479893	14.491625	29.728065	19.537739	97.727775	11.332976	60.160922	29.034183	-99.050641	-12.949772	-5.100169	44.300947	44.123943	-50.133139	-27.964173	21.998325	-5.928859	-21.356392	
1350	90.604806	25.846802	84.700763	-83.726348	44.244140	-62.211608	96.056521	-3.579337	-59.814865	49.495008	-22.732363	19.840300	-91.479893	14.491625	29.728065	19.537739	97.727775	11.332976	60.160922	29.034183	-99.050641	-12.949772	-5.100169	44.300947	44.123943	-50.133139	-27.964173	21.998325	-5.928859	-21.356392	
1500	90.604806	25.846802	84.700763	-83.726348	44.244140	-62.211608	96.056521	-3.579337	-59.814865	49.495008	-22.732363	19.840300	-91.479893	14.491625	29.728065	19.537739	97.727775	11.332976	60.160922	29.034183	-99.050641	-12.949772	-5.100169	44.300947	44.123943	-50.133139	-27.964173	21.998325	-5.928859	-21.356392	
