%count	x
15	-39.020315	63.703831	-72.576442	-42.414025	-66.538241	-14.072270	75.913321	50.497680	-25.912001	-9.809605	87.071589	-68.862282	41.948433	32.143976	45.207365	67.574049	0.694204	-98.908756	-41.435684	-41.986244	28.028577	72.520439	81.059228	0.394141	27.440100	-71.080422	-25.999471	-33.677397	51.759108	74.288380	
30	-39.020315	63.703831	-72.576442	-42.414025	-66.538241	-14.072270	75.913321	50.497680	-25.912001	-9.809605	87.071589	-68.862282	41.948433	32.143976	45.207365	67.574049	0.694204	-98.908756	-41.435684	-41.986244	28.028577	72.520439	81.059228	0.394141	27.440100	-71.080422	-25.999471	-33.677397	51.759108	74.288380	
45	99.023871	2.274279	84.149180	-7.921323	9.111399	75.793872	-79.910793	39.012010	-54.980558	16.775653	75.733484	-9.272865	47.308598	29.833408	41.676379	42.473279	-63.934498	-29.701944	-82.957868	-26.274342	51.342463	76.404460	10.180107	9.989463	-77.698334	-60.195863	47.468035	40.358312	24.763136	41.186249	
60	99.023871	2.274279	84.149180	-7.921323	9.111399	75.793872	-79.910793	39.012010	-54.980558	16.775653	75.733484	-9.272865	47.308598	29.833408	41.676379	42.473279	-63.934498	-29.701944	-82.957868	-26.274342	51.342463	76.404460	10.180107	9.989463	-77.698334	-60.195863	47.468035	40.358312	24.763136	41.186249	
75	99.023871	2.274279	84.149180	-7.921323	9.111399	75.793872	-79.910793	39.012010	-54.980558	16.775653	75.733484	-9.272865	47.308598	29.833408	41.676379	42.473279	-63.934498	-29.701944	-82.957868	-26.274342	51.342463	76.404460	10.180107	9.989463	-77.698334	-60.195863	47.468035	40.358312	24.763136	41.186249	
90	60.240488	-44.940196	76.049679	37.621819	-62.150546	41.643461	-93.552141	33.998365	-27.102652	-62.759923	-63.854713	77.091458	-46.281768	-36.661148	79.222479	-32.093507	96.254295	-24.281024	-6.468395	-76.398930	-23.240980	-75.339165	76.340744	19.275270	-56.823070	-49.764154	-69.902472	-94.713911	-1.633394	5.113197	
105	60.240488	-44.940196	76.049679	37.621819	-62.150546	41.643461	-93.552141	33.998365	-27.102652	-62.759923	-63.854713	77.091458	-46.281768	-36.661148	79.222479	-32.093507	96.254295	-24.281024	-6.468395	-76.398930	-23.240980	-75.339165	76.340744	19.275270	-56.823070	-49.764154	-69.902472	-94.713911	-1.633394	5.113197	
120	60.240488	-44.940196	76.049679	37.621819	-62.150546	41.643461	-93.552141	33.998365	-27.102652	-62.759923	-63.854713	77.091458	-46.281768	-36.661148	79.222479	-32.093507	96.254295	-24.281024	-6.468395	-76.398930	-23.240980	-75.339165	76.340744	19.275270	-56.823070	-49.764154	-69.902472	-94.713911	-1.633394	5.113197	
135	60.240488	-44.940196	76.049679	37.621819	-62.150546	41.643461	-93.552141	33.998365	-27.102652	-62.759923	-63.854713	77.091458	-46.281768	-36.661148	79.222479	-32.093507	96.254295	-24.281024	-6.468395	-76.398930	-23.240980	-75.339165	76.340744	19.275270	-56.823070	-49.764154	-69.902472	-94.713911	-1.633394	5.113197	
150	80.076506	8.258885	-53.919306	-44.145559	-42.516642	-30.018887	3.280059	96.793837	-59.346210	-20.525791	15.243871	-6.965849	-55.498621	17.437070	73.316974	43.226288	-75.186637	-8.317666	-61.108198	-16.888252	-15.823643	11.648497	-24.660502	-99.757192	-76.954218	-1.040926	-44.514758	-87.055934	50.822992	83.545462	
300	87.820277	-46.097156	56.760418	1.105428	-14.610704	-91.484494	56.192184	53.954644	32.622011	61.367222	-0.247751	-22.897674	-36.104698	-27.277146	32.338916	-23.371369	-9.931553	-22.560849	9.376983	-14.081833	63.233357	26.950108	-76.352296	-56.416680	13.073534	-18.093040	77.511377	-51.757021	83.856255	56.223467	
450	87.820277	-46.097156	56.760418	1.105428	-14.610704	-91.484494	56.192184	53.954644	32.622011	61.367222	-0.247751	-22.897674	-36.104698	-27.277146	32.338916	-23.371369	-9.931553	-22.560849	9.376983	-14.081833	63.233357	26.950108	-76.352296	-56.416680	13.073534	-18.093040	77.511377	-51.757021	83.856255	56.223467	
600	87.820277	-46.097156	56.760418	1.105428	-14.610704	-91.484494	56.192184	53.954644	32.622011	61.367222	-0.247751	-22.897674	-36.104698	-27.277146	32.338916	-23.371369	-9.931553	-22.560849	9.376983	-14.081833	63.233357	26.950108	-76.352296	-56.416680	13.073534	-18.093040	77.511377	-51.757021	83.856255	56.223467	
750	87.820277	-46.097156	56.760418	1.105428	-14.610704	-91.484494	56.192184	53.954644	32.622011	61.367222	-0.247751	-22.897674	-36.104698	-27.277146	32.338916	-23.371369	-9.931553	-22.560849	9.376983	-14.081833	63.233357	26.950108	-76.352296	-56.416680	13.073534	-18.093040	77.511377	-51.757021	83.856255	56.223467	
900	87.820277	-46.097156	56.760418	1.105428	-14.610704	-91.484494	56.192184	53.954644	32.622011	61.367222	-0.247751	-22.897674	-36.104698	-27.277146	32.338916	-23.371369	-9.931553	-22.560849	9.376983	-14.081833	63.233357	26.950108	-76.352296	-56.416680	13.073534	-18.093040	77.511377	-51.757021	83.856255	56.223467	
1050	87.820277	-46.097156	56.760418	1.105428	-14.610704	-91.484494	56.192184	53.954644	32.622011	61.367222	-0.247751	-22.897674	-36.104698	-27.277146	32.338916	-23.371369	-9.931553	-22.560849	9.376983	-14.081833	63.233357	26.950108	-76.352296	-56.416680	13.073534	-18.093040	77.511377	-51.757021	83.856255	56.223467	
1200	87.820277	-46.097156	56.760418	1.105428	-14.610704	-91.484494	56.192184	53.954644	32.622011	61.367222	-0.247751	-22.897674	-36.104698	-27.277146	32.338916	-23.371369	-9.931553	-22.560849	9.376983	-14.081833	63.233357	26.950108	-76.352296	-56.416680	13.073534	-18.093040	77.511377	-51.757021	83.856255	56.223467	
1350	-19.586937	-3.885341	63.878481	52.951585	85.198426	17.831703	24.462951	50.523404	-93.550809	-47.003930	36.058405	25.196550	89.698813	10.037654	75.169612	59.924560	20.139364	-58.265436	24.914183	34.111553	-54.770636	-66.823847	8.147773	35.228143	6.787249	9.921185	-7.391511	-64.468141	28.911307	43.374101	
1500	-19.586937	-3.885341	63.878481	52.951585	85.198426	17.831703	24.462951	50.523404	-93.550809	-47.003930	36.058405	25.196550	89.698813	10.037654	75.169612	59.924560	20.139364	-58.265436	24.914183	34.111553	-54.770636	-66.823847	8.147773	35.228143	6.787249	9.921185	-7.391511	-64.468141	28.911307	43.374101	
