%count	x
15	90.006112	-51.721994	-91.076495	-46.035030	-43.115155	-15.542852	-67.076786	33.092093	65.276329	6.648332	-24.648893	-83.580989	-1.807345	-80.576519	90.336549	-51.447061	-93.685445	15.850412	25.922990	2.738432	-25.483075	-70.344052	48.543080	15.197737	-89.004236	97.170128	5.650883	0.583604	47.090503	-71.034081	
30	90.006112	-51.721994	-91.076495	-46.035030	-43.115155	-15.542852	-67.076786	33.092093	65.276329	6.648332	-24.648893	-83.580989	-1.807345	-80.576519	90.336549	-51.447061	-93.685445	15.850412	25.922990	2.738432	-25.483075	-70.344052	48.543080	15.197737	-89.004236	97.170128	5.650883	0.583604	47.090503	-71.034081	
45	90.006112	-51.721994	-91.076495	-46.035030	-43.115155	-15.542852	-67.076786	33.092093	65.276329	6.648332	-24.648893	-83.580989	-1.807345	-80.576519	90.336549	-51.447061	-93.685445	15.850412	25.922990	2.738432	-25.483075	-70.344052	48.543080	15.197737	-89.004236	97.170128	5.650883	0.583604	47.090503	-71.034081	
60	-85.143686	21.139421	25.113792	22.325280	28.572820	-90.766738	55.638593	-12.103095	70.837289	-83.638706	-51.053084	-85.698540	-75.420570	-80.483710	45.249849	-87.069100	77.102918	-53.506628	3.488157	57.725061	-21.258134	-99.125889	-91.004341	31.143549	76.276137	74.916427	2.081516	-62.216265	-41.660002	97.145506	
75	-85.143686	21.139421	25.113792	22.325280	28.572820	-90.766738	55.638593	-12.103095	70.837289	-83.638706	-51.053084	-85.698540	-75.420570	-80.483710	45.249849	-87.069100	77.102918	-53.506628	3.488157	57.725061	-21.258134	-99.125889	-91.004341	31.143549	76.276137	74.916427	2.081516	-62.216265	-41.660002	97.145506	
90	-85.143686	21.139421	25.113792	22.325280	28.572820	-90.766738	55.638593	-12.103095	70.837289	-83.638706	-51.053084	-85.698540	-75.420570	-80.483710	45.249849	-87.069100	77.102918	-53.506628	3.488157	57.725061	-21.258134	-99.125889	-91.004341	31.143549	76.276137	74.916427	2.081516	-62.216265	-41.660002	97.145506	
105	-85.143686	21.139421	25.113792	22.325280	28.572820	-90.766738	55.638593	-12.103095	70.837289	-83.638706	-51.053084	-85.698540	-75.420570	-80.483710	45.249849	-87.069100	77.102918	-53.506628	3.488157	57.725061	-21.258134	-99.125889	-91.004341	31.143549	76.276137	74.916427	2.081516	-62.216265	-41.660002	97.145506	
120	-85.143686	21.139421	25.113792	22.325280	28.572820	-90.766738	55.638593	-12.103095	70.837289	-83.638706	-51.053084	-85.698540	-75.420570	-80.483710	45.249849	-87.069100	77.102918	-53.506628	3.488157	57.725061	-21.258134	-99.125889	-91.004341	31.143549	76.276137	74.916427	2.081516	-62.216265	-41.660002	97.145506	
135	-85.143686	21.139421	25.113792	22.325280	28.572820	-90.766738	55.638593	-12.103095	70.837289	-83.638706	-51.053084	-85.698540	-75.420570	-80.483710	45.249849	-87.069100	77.102918	-53.506628	3.488157	57.725061	-21.258134	-99.125889	-91.004341	31.143549	76.276137	74.916427	2.081516	-62.216265	-41.660002	97.145506	
150	-85.143686	21.139421	25.113792	22.325280	28.572820	-90.766738	55.638593	-12.103095	70.837289	-83.638706	-51.053084	-85.698540	-75.420570	-80.483710	45.249849	-87.069100	77.102918	-53.506628	3.488157	57.725061	-21.258134	-99.125889	-91.004341	31.143549	76.276137	74.916427	2.081516	-62.216265	-41.660002	97.145506	
300	20.579694	-48.645563	-19.999904	81.289321	-20.202430	4.331106	-59.292485	-67.609754	-49.345937	26.878980	-84.333814	-30.754727	-84.407299	48.235619	6.031271	-7.257970	-9.689540	21.534015	75.987040	-36.828278	-50.104809	87.849286	-54.137516	-23.618963	-53.917581	-13.149985	-24.492509	20.157218	46.970690	-47.437181	
450	20.579694	-48.645563	-19.999904	81.289321	-20.202430	4.331106	-59.292485	-67.609754	-49.345937	26.878980	-84.333814	-30.754727	-84.407299	48.235619	6.031271	-7.257970	-9.689540	21.534015	75.987040	-36.828278	-50.104809	87.849286	-54.137516	-23.618963	-53.917581	-13.149985	-24.492509	20.157218	46.970690	-47.437181	
600	20.579694	-48.645563	-19.999904	81.289321	-20.202430	4.331106	-59.292485	-67.609754	-49.345937	26.878980	-84.333814	-30.754727	-84.407299	48.235619	6.031271	-7.257970	-9.689540	21.534015	75.987040	-36.828278	-50.104809	87.849286	-54.137516	-23.618963	-53.917581	-13.149985	-24.492509	20.157218	46.970690	-47.437181	
750	20.579694	-48.645563	-19.999904	81.289321	-20.202430	4.331106	-59.292485	-67.609754	-49.345937	26.878980	-84.333814	-30.754727	-84.407299	48.235619	6.031271	-7.257970	-9.689540	21.534015	75.987040	-36.828278	-50.104809	87.849286	-54.137516	-23.618963	-53.917581	-13.149985	-24.492509	20.157218	46.970690	-47.437181	
900	20.579694	-48.645563	-19.999904	81.289321	-20.202430	4.331106	-59.292485	-67.609754	-49.345937	26.878980	-84.333814	-30.754727	-84.407299	48.235619	6.031271	-7.257970	-9.689540	21.534015	75.987040	-36.828278	-50.104809	87.849286	-54.137516	-23.618963	-53.917581	-13.149985	-24.492509	20.157218	46.970690	-47.437181	
1050	20.579694	-48.645563	-19.999904	81.289321	-20.202430	4.331106	-59.292485	-67.609754	-49.345937	26.878980	-84.333814	-30.754727	-84.407299	48.235619	6.031271	-7.257970	-9.689540	21.534015	75.987040	-36.828278	-50.104809	87.849286	-54.137516	-23.618963	-53.917581	-13.149985	-24.492509	20.157218	46.970690	-47.437181	
1200	20.579694	-48.645563	-19.999904	81.289321	-20.202430	4.331106	-59.292485	-67.609754	-49.345937	26.878980	-84.333814	-30.754727	-84.407299	48.235619	6.031271	-7.257970	-9.689540	21.534015	75.987040	-36.828278	-50.104809	87.849286	-54.137516	-23.618963	-53.917581	-13.149985	-24.492509	20.157218	46.970690	-47.437181	
1350	20.579694	-48.645563	-19.999904	81.289321	-20.202430	4.331106	-59.292485	-67.609754	-49.345937	26.878980	-84.333814	-30.754727	-84.407299	48.235619	6.031271	-7.257970	-9.689540	21.534015	75.987040	-36.828278	-50.104809	87.849286	-54.137516	-23.618963	-53.917581	-13.149985	-24.492509	20.157218	46.970690	-47.437181	
1500	20.579694	-48.645563	-19.999904	81.289321	-20.202430	4.331106	-59.292485	-67.609754	-49.345937	26.878980	-84.333814	-30.754727	-84.407299	48.235619	6.031271	-7.257970	-9.689540	21.534015	75.987040	-36.828278	-50.104809	87.849286	-54.137516	-23.618963	-53.917581	-13.149985	-24.492509	20.157218	46.970690	-47.437181	
