%count	x
15	-16.361712	-46.615474	-36.785860	-41.631813	2.099493	-8.142126	-31.115894	-8.702287	-77.361855	-38.507471	43.232520	44.710909	-49.236320	25.267196	56.766398	-6.088122	30.810141	-32.103180	96.276775	-37.303872	-56.495864	-99.199268	-64.889092	49.065530	-48.349395	8.255080	-44.263610	64.246164	19.406040	-18.597158	
30	9.562441	-16.010085	-79.265144	63.364071	85.766725	-50.764315	-36.907324	96.195618	-90.949432	-32.616303	-42.885647	-50.440281	77.426486	-21.171221	82.866115	23.609685	-55.810805	-11.522368	14.536973	-26.790425	-54.917010	-53.151669	-1.580115	98.877639	79.435748	96.938878	11.515058	-1.287511	-25.323887	-48.935073	
45	9.562441	-16.010085	-79.265144	63.364071	85.766725	-50.764315	-36.907324	96.195618	-90.949432	-32.616303	-42.885647	-50.440281	77.426486	-21.171221	82.866115	23.609685	-55.810805	-11.522368	14.536973	-26.790425	-54.917010	-53.151669	-1.580115	98.877639	79.435748	96.938878	11.515058	-1.287511	-25.323887	-48.935073	
60	-96.461832	-65.384496	-47.631584	28.589987	-15.194468	-23.134008	-9.569764	-56.200815	-61.012324	51.944455	82.962173	-7.449313	2.331351	43.410445	79.931659	32.048724	-18.846577	28.587656	-14.997944	36.305385	29.329179	-48.518702	-15.642565	-90.356705	18.484538	-98.175286	-90.564767	-40.494817	9.034717	-50.024285	
75	-96.461832	-65.384496	-47.631584	28.589987	-15.194468	-23.134008	-9.569764	-56.200815	-61.012324	51.944455	82.962173	-7.449313	2.331351	43.410445	79.931659	32.048724	-18.846577	28.587656	-14.997944	36.305385	29.329179	-48.518702	-15.642565	-90.356705	18.484538	-98.175286	-90.564767	-40.494817	9.034717	-50.024285	
90	36.669387	-62.046548	-76.146222	72.309634	-4.840491	2.519487	-11.602030	-29.959663	-52.153897	-86.646598	-4.187442	78.814016	-5.942546	-56.932493	47.270025	-57.863376	16.932634	-56.432721	71.308891	46.112831	-77.248771	-1.568827	-23.147704	37.404780	73.038154	67.356833	-49.110732	4.946302	79.081933	71.867457	
105	36.669387	-62.046548	-76.146222	72.309634	-4.840491	2.519487	-11.602030	-29.959663	-52.153897	-86.646598	-4.187442	78.814016	-5.942546	-56.932493	47.270025	-57.863376	16.932634	-56.432721	71.308891	46.112831	-77.248771	-1.568827	-23.147704	37.404780	73.038154	67.356833	-49.110732	4.946302	79.081933	71.867457	
120	36.669387	-62.046548	-76.146222	72.309634	-4.840491	2.519487	-11.602030	-29.959663	-52.153897	-86.646598	-4.187442	78.814016	-5.942546	-56.932493	47.270025	-57.863376	16.932634	-56.432721	71.308891	46.112831	-77.248771	-1.568827	-23.147704	37.404780	73.038154	67.356833	-49.110732	4.946302	79.081933	71.867457	
135	36.669387	-62.046548	-76.146222	72.309634	-4.840491	2.519487	-11.602030	-29.959663	-52.153897	-86.646598	-4.187442	78.814016	-5.942546	-56.932493	47.270025	-57.863376	16.932634	-56.432721	71.308891	46.112831	-77.248771	-1.568827	-23.147704	37.404780	73.038154	67.356833	-49.110732	4.946302	79.081933	71.867457	
150	36.669387	-62.046548	-76.146222	72.309634	-4.840491	2.519487	-11.602030	-29.959663	-52.153897	-86.646598	-4.187442	78.814016	-5.942546	-56.932493	47.270025	-57.863376	16.932634	-56.432721	71.308891	46.112831	-77.248771	-1.568827	-23.147704	37.404780	73.038154	67.356833	-49.110732	4.946302	79.081933	71.867457	
300	36.669387	-62.046548	-76.146222	72.309634	-4.840491	2.519487	-11.602030	-29.959663	-52.153897	-86.646598	-4.187442	78.814016	-5.942546	-56.932493	47.270025	-57.863376	16.932634	-56.432721	71.308891	46.112831	-77.248771	-1.568827	-23.147704	37.404780	73.038154	67.356833	-49.110732	4.946302	79.081933	71.867457	
450	-47.268513	-53.598629	26.016270	92.377329	71.186324	39.423586	-16.749795	46.007685	-17.753577	58.359490	-20.530359	-38.754480	20.061057	99.852119	40.401982	63.059796	25.642344	-44.843965	7.937477	22.279341	45.501312	-44.301530	78.496473	-40.427794	-98.097425	-77.978413	-25.325660	-63.832721	-52.250304	-4.610312	
600	-47.268513	-53.598629	26.016270	92.377329	71.186324	39.423586	-16.749795	46.007685	-17.753577	58.359490	-20.530359	-38.754480	20.061057	99.852119	40.401982	63.059796	25.642344	-44.843965	7.937477	22.279341	45.501312	-44.301530	78.496473	-40.427794	-98.097425	-77.978413	-25.325660	-63.832721	-52.250304	-4.610312	
750	-47.268513	-53.598629	26.016270	92.377329	71.186324	39.423586	-16.749795	46.007685	-17.753577	58.359490	-20.530359	-38.754480	20.061057	99.852119	40.401982	63.059796	25.642344	-44.843965	7.937477	22.279341	45.501312	-44.301530	78.496473	-40.427794	-98.097425	-77.978413	-25.325660	-63.832721	-52.250304	-4.610312	
900	-47.268513	-53.598629	26.016270	92.377329	71.186324	39.423586	-16.749795	46.007685	-17.753577	58.359490	-20.530359	-38.754480	20.061057	99.852119	40.401982	63.059796	25.642344	-44.843965	7.937477	22.279341	45.501312	-44.301530	78.496473	-40.427794	-98.097425	-77.978413	-25.325660	-63.832721	-52.250304	-4.610312	
1050	-47.268513	-53.598629	26.016270	92.377329	71.186324	39.423586	-16.749795	46.007685	-17.753577	58.359490	-20.530359	-38.754480	20.061057	99.852119	40.401982	63.059796	25.642344	-44.843965	7.937477	22.279341	45.501312	-44.301530	78.496473	-40.427794	-98.097425	-77.978413	-25.325660	-63.832721	-52.250304	-4.610312	
1200	56.520206	-27.971367	-98.436200	95.230969	54.128247	29.077432	86.036870	28.506959	91.934401	-83.103386	-24.595873	85.436937	33.352868	-43.157871	91.860343	48.231759	-51.424742	-25.822687	-48.018928	27.528259	-99.409415	68.887567	25.479471	75.083960	57.257669	-48.742917	9.876438	59.172436	35.394041	-66.253684	
1350	56.520206	-27.971367	-98.436200	95.230969	54.128247	29.077432	86.036870	28.506959	91.934401	-83.103386	-24.595873	85.436937	33.352868	-43.157871	91.860343	48.231759	-51.424742	-25.822687	-48.018928	27.528259	-99.409415	68.887567	25.479471	75.083960	57.257669	-48.742917	9.876438	59.172436	35.394041	-66.253684	
1500	56.520206	-27.971367	-98.436200	95.230969	54.128247	29.077432	86.036870	28.506959	91.934401	-83.103386	-24.595873	85.436937	33.352868	-43.157871	91.860343	48.231759	-51.424742	-25.822687	-48.018928	27.528259	-99.409415	68.887567	25.479471	75.083960	57.257669	-48.742917	9.876438	59.172436	35.394041	-66.253684	
