%count	x
15	74.909615	73.270889	-62.323267	12.115288	-13.621840	62.934937	37.743037	47.007803	70.763842	64.796334	78.139788	-81.142103	-49.745377	2.405060	70.565734	-62.381245	15.092430	-53.262639	-36.613852	-37.678800	14.566959	62.486006	2.051003	-28.667106	43.120427	-0.755474	77.376524	-26.921830	-66.490250	48.087890	
30	-67.963599	13.240498	-76.974322	-65.298786	24.555227	4.095863	-33.393482	-82.851730	-33.614902	74.253500	-92.103040	-72.463042	41.642857	0.368194	32.910506	60.888585	-74.466215	9.393179	53.529201	-17.426789	-99.047399	-49.499579	34.977605	-3.631864	-57.021587	34.513677	-76.105731	49.734323	-11.980321	44.101631	
45	83.350609	96.747017	-1.620327	7.657255	-61.752572	-81.924650	-85.522916	-82.693067	60.048804	96.064725	23.135004	85.688054	49.356981	89.778340	-22.636688	-37.003072	-31.417646	-21.806660	-32.045044	95.051693	-48.901137	-85.003126	60.200602	67.115784	-77.862313	83.145744	-82.344393	6.029971	19.098077	-60.842373	
60	83.350609	96.747017	-1.620327	7.657255	-61.752572	-81.924650	-85.522916	-82.693067	60.048804	96.064725	23.135004	85.688054	49.356981	89.778340	-22.636688	-37.003072	-31.417646	-21.806660	-32.045044	95.051693	-48.901137	-85.003126	60.200602	67.115784	-77.862313	83.145744	-82.344393	6.029971	19.098077	-60.842373	
75	87.925297	28.394203	-65.628378	-99.217476	-0.457669	96.917465	-30.314755	-1.271250	7.576288	3.948572	-78.167949	13.747029	39.929233	-29.455090	-81.372705	-42.548953	35.264166	14.089656	33.646087	56.093916	-20.305239	-67.704011	-42.446662	-67.185113	-76.773462	93.330379	-41.941362	-64.984320	-90.350950	77.810179	
90	27.462430	74.770029	-14.048228	-77.815246	35.737614	-23.997010	75.427744	-8.313686	-44.914645	55.723891	-75.912931	68.224062	89.043944	-38.804129	22.489523	8.485109	67.687774	2.246331	-73.904403	78.736962	80.479951	-63.865962	20.894130	32.546210	55.550717	17.222652	32.052111	50.869584	-69.323943	-17.088621	
105	27.462430	74.770029	-14.048228	-77.815246	35.737614	-23.997010	75.427744	-8.313686	-44.914645	55.723891	-75.912931	68.224062	89.043944	-38.804129	22.489523	8.485109	67.687774	2.246331	-73.904403	78.736962	80.479951	-63.865962	20.894130	32.546210	55.550717	17.222652	32.052111	50.869584	-69.323943	-17.088621	
120	27.462430	74.770029	-14.048228	-77.815246	35.737614	-23.997010	75.427744	-8.313686	-44.914645	55.723891	-75.912931	68.224062	89.043944	-38.804129	22.489523	8.485109	67.687774	2.246331	-73.904403	78.736962	80.479951	-63.865962	20.894130	32.546210	55.550717	17.222652	32.052111	50.869584	-69.323943	-17.088621	
135	27.462430	74.770029	-14.048228	-77.815246	35.737614	-23.997010	75.427744	-8.313686	-44.914645	55.723891	-75.912931	68.224062	89.043944	-38.804129	22.489523	8.485109	67.687774	2.246331	-73.904403	78.736962	80.479951	-63.865962	20.894130	32.546210	55.550717	17.222652	32.052111	50.869584	-69.323943	-17.088621	
150	27.462430	74.770029	-14.048228	-77.815246	35.737614	-23.997010	75.427744	-8.313686	-44.914645	55.723891	-75.912931	68.224062	89.043944	-38.804129	22.489523	8.485109	67.687774	2.246331	-73.904403	78.736962	80.479951	-63.865962	20.894130	32.546210	55.550717	17.222652	32.052111	50.869584	-69.323943	-17.088621	
300	27.462430	74.770029	-14.048228	-77.815246	35.737614	-23.997010	75.427744	-8.313686	-44.914645	55.723891	-75.912931	68.224062	89.043944	-38.804129	22.489523	8.485109	67.687774	2.246331	-73.904403	78.736962	80.479951	-63.865962	20.894130	32.546210	55.550717	17.222652	32.052111	50.869584	-69.323943	-17.088621	
450	21.376443	-59.028525	18.607329	-56.138268	37.223426	-0.683777	80.444763	-27.837005	-3.233435	-14.689315	-75.973547	8.764005	-63.997346	-31.040044	41.673634	9.958783	54.300768	73.166464	12.703653	-66.919136	-60.096407	7.824731	5.667511	-68.229211	-5.796832	-24.594808	21.018388	-19.860322	11.801998	27.629690	
600	-99.189954	-7.032056	40.590894	-65.846511	-46.965578	18.754936	31.336247	-41.661760	2.402191	89.998523	4.973983	-89.945181	30.535969	-35.979678	4.176772	-84.488190	3.264434	71.565500	5.738065	-65.486189	78.369832	61.569721	-53.075569	-59.844659	-80.411990	25.441919	-25.605723	-38.584646	-93.312755	93.061676	
750	-99.189954	-7.032056	40.590894	-65.846511	-46.965578	18.754936	31.336247	-41.661760	2.402191	89.998523	4.973983	-89.945181	30.535969	-35.979678	4.176772	-84.488190	3.264434	71.565500	5.738065	-65.486189	78.369832	61.569721	-53.075569	-59.844659	-80.411990	25.441919	-25.605723	-38.584646	-93.312755	93.061676	
900	-99.189954	-7.032056	40.590894	-65.846511	-46.965578	18.754936	31.336247	-41.661760	2.402191	89.998523	4.973983	-89.945181	30.535969	-35.979678	4.176772	-84.488190	3.264434	71.565500	5.738065	-65.486189	78.369832	61.569721	-53.075569	-59.844659	-80.411990	25.441919	-25.605723	-38.584646	-93.312755	93.061676	
1050	-99.189954	-7.032056	40.590894	-65.846511	-46.965578	18.754936	31.336247	-41.661760	2.402191	89.998523	4.973983	-89.945181	30.535969	-35.979678	4.176772	-84.488190	3.264434	71.565500	5.738065	-65.486189	78.369832	61.569721	-53.075569	-59.844659	-80.411990	25.441919	-25.605723	-38.584646	-93.312755	93.061676	
1200	-99.189954	-7.032056	40.590894	-65.846511	-46.965578	18.754936	31.336247	-41.661760	2.402191	89.998523	4.973983	-89.945181	30.535969	-35.979678	4.176772	-84.488190	3.264434	71.565500	5.738065	-65.486189	78.369832	61.569721	-53.075569	-59.844659	-80.411990	25.441919	-25.605723	-38.584646	-93.312755	93.061676	
1350	-99.189954	-7.032056	40.590894	-65.846511	-46.965578	18.754936	31.336247	-41.661760	2.402191	89.998523	4.973983	-89.945181	30.535969	-35.979678	4.176772	-84.488190	3.264434	71.565500	5.738065	-65.486189	78.369832	61.569721	-53.075569	-59.844659	-80.411990	25.441919	-25.605723	-38.584646	-93.312755	93.061676	
1500	-99.189954	-7.032056	40.590894	-65.846511	-46.965578	18.754936	31.336247	-41.661760	2.402191	89.998523	4.973983	-89.945181	30.535969	-35.979678	4.176772	-84.488190	3.264434	71.565500	5.738065	-65.486189	78.369832	61.569721	-53.075569	-59.844659	-80.411990	25.441919	-25.605723	-38.584646	-93.312755	93.061676	
