%count	x
15	92.217390	-4.503555	5.488165	-72.809703	-2.966995	-79.638968	53.747851	38.365289	-83.451684	11.044197	-18.682992	-8.326268	-83.461158	-1.500162	-31.847938	-42.779246	14.963637	39.528936	5.358351	86.072177	-54.327077	-79.324355	44.506252	-18.870130	0.443538	-13.733334	59.233357	-42.810287	-27.732725	72.724224	
30	92.217390	-4.503555	5.488165	-72.809703	-2.966995	-79.638968	53.747851	38.365289	-83.451684	11.044197	-18.682992	-8.326268	-83.461158	-1.500162	-31.847938	-42.779246	14.963637	39.528936	5.358351	86.072177	-54.327077	-79.324355	44.506252	-18.870130	0.443538	-13.733334	59.233357	-42.810287	-27.732725	72.724224	
45	-22.253194	81.416369	5.389737	75.951351	38.201784	-5.369382	49.229939	39.633133	69.036244	9.088528	85.612808	12.207251	-56.106920	-70.421025	8.900465	62.939891	-56.181884	47.660530	-23.935014	70.381284	7.169130	-86.252480	-6.586341	-69.708675	34.131342	53.078018	74.648359	40.390313	-15.113641	46.286972	
60	-22.253194	81.416369	5.389737	75.951351	38.201784	-5.369382	49.229939	39.633133	69.036244	9.088528	85.612808	12.207251	-56.106920	-70.421025	8.900465	62.939891	-56.181884	47.660530	-23.935014	70.381284	7.169130	-86.252480	-6.586341	-69.708675	34.131342	53.078018	74.648359	40.390313	-15.113641	46.286972	
75	-22.253194	81.416369	5.389737	75.951351	38.201784	-5.369382	49.229939	39.633133	69.036244	9.088528	85.612808	12.207251	-56.106920	-70.421025	8.900465	62.939891	-56.181884	47.660530	-23.935014	70.381284	7.169130	-86.252480	-6.586341	-69.708675	34.131342	53.078018	74.648359	40.390313	-15.113641	46.286972	
90	-22.253194	81.416369	5.389737	75.951351	38.201784	-5.369382	49.229939	39.633133	69.036244	9.088528	85.612808	12.207251	-56.106920	-70.421025	8.900465	62.939891	-56.181884	47.660530	-23.935014	70.381284	7.169130	-86.252480	-6.586341	-69.708675	34.131342	53.078018	74.648359	40.390313	-15.113641	46.286972	
105	-22.253194	81.416369	5.389737	75.951351	38.201784	-5.369382	49.229939	39.633133	69.036244	9.088528	85.612808	12.207251	-56.106920	-70.421025	8.900465	62.939891	-56.181884	47.660530	-23.935014	70.381284	7.169130	-86.252480	-6.586341	-69.708675	34.131342	53.078018	74.648359	40.390313	-15.113641	46.286972	
120	7.757404	-7.539115	58.421796	-74.421053	-47.767316	43.370644	63.464955	-33.595754	92.739190	-52.863975	-57.532324	-7.618119	-67.992701	72.609060	-89.586317	35.228575	31.562511	-7.631926	-47.216487	-26.868080	-14.368543	49.879796	-20.608472	-51.187124	-63.817104	40.677933	-3.160420	-31.004987	-14.955648	-49.146160	
135	7.757404	-7.539115	58.421796	-74.421053	-47.767316	43.370644	63.464955	-33.595754	92.739190	-52.863975	-57.532324	-7.618119	-67.992701	72.609060	-89.586317	35.228575	31.562511	-7.631926	-47.216487	-26.868080	-14.368543	49.879796	-20.608472	-51.187124	-63.817104	40.677933	-3.160420	-31.004987	-14.955648	-49.146160	
150	7.757404	-7.539115	58.421796	-74.421053	-47.767316	43.370644	63.464955	-33.595754	92.739190	-52.863975	-57.532324	-7.618119	-67.992701	72.609060	-89.586317	35.228575	31.562511	-7.631926	-47.216487	-26.868080	-14.368543	49.879796	-20.608472	-51.187124	-63.817104	40.677933	-3.160420	-31.004987	-14.955648	-49.146160	
300	99.860546	10.737212	1.332616	-7.491243	-33.872422	39.298445	71.953287	-19.958142	-94.986438	18.251062	-73.278467	45.313512	87.354105	34.946223	-2.684369	-80.259098	33.847462	-23.852896	-3.915887	64.044940	-7.291123	8.920900	-12.376235	2.604529	5.183456	44.048518	60.075677	-74.588492	-13.196371	1.284690	
450	99.860546	10.737212	1.332616	-7.491243	-33.872422	39.298445	71.953287	-19.958142	-94.986438	18.251062	-73.278467	45.313512	87.354105	34.946223	-2.684369	-80.259098	33.847462	-23.852896	-3.915887	64.044940	-7.291123	8.920900	-12.376235	2.604529	5.183456	44.048518	60.075677	-74.588492	-13.196371	1.284690	
600	-22.605260	90.427278	-86.576648	65.477648	23.155458	-92.357296	57.396545	2.933082	79.519889	56.009317	88.631356	-70.823653	-87.412983	25.235213	-98.934558	-92.315547	-80.784988	84.192997	-12.197800	-71.541557	-34.835196	-41.213232	35.795133	-37.505824	51.650096	17.808248	45.535199	37.279174	-98.290982	-55.313552	
750	63.860798	-54.218707	47.985653	64.124944	77.380024	-15.613841	90.356849	-9.185500	-45.000378	98.973072	-50.595623	19.859537	-95.897905	69.671734	-64.385485	-43.376946	-47.475513	-64.424001	-10.080398	51.118182	-4.692976	-84.454250	-85.460512	47.238258	-29.180518	38.506074	-70.820258	63.450780	30.893838	-53.502913	
900	63.860798	-54.218707	47.985653	64.124944	77.380024	-15.613841	90.356849	-9.185500	-45.000378	98.973072	-50.595623	19.859537	-95.897905	69.671734	-64.385485	-43.376946	-47.475513	-64.424001	-10.080398	51.118182	-4.692976	-84.454250	-85.460512	47.238258	-29.180518	38.506074	-70.820258	63.450780	30.893838	-53.502913	
1050	63.860798	-54.218707	47.985653	64.124944	77.380024	-15.613841	90.356849	-9.185500	-45.000378	98.973072	-50.595623	19.859537	-95.897905	69.671734	-64.385485	-43.376946	-47.475513	-64.424001	-10.080398	51.118182	-4.692976	-84.454250	-85.460512	47.238258	-29.180518	38.506074	-70.820258	63.450780	30.893838	-53.502913	
1200	63.860798	-54.218707	47.985653	64.124944	77.380024	-15.613841	90.356849	-9.185500	-45.000378	98.973072	-50.595623	19.859537	-95.897905	69.671734	-64.385485	-43.376946	-47.475513	-64.424001	-10.080398	51.118182	-4.692976	-84.454250	-85.460512	47.238258	-29.180518	38.506074	-70.820258	63.450780	30.893838	-53.502913	
1350	63.860798	-54.218707	47.985653	64.124944	77.380024	-15.613841	90.356849	-9.185500	-45.000378	98.973072	-50.595623	19.859537	-95.897905	69.671734	-64.385485	-43.376946	-47.475513	-64.424001	-10.080398	51.118182	-4.692976	-84.454250	-85.460512	47.238258	-29.180518	38.506074	-70.820258	63.450780	30.893838	-53.502913	
1500	63.860798	-54.218707	47.985653	64.124944	77.380024	-15.613841	90.356849	-9.185500	-45.000378	98.973072	-50.595623	19.859537	-95.897905	69.671734	-64.385485	-43.376946	-47.475513	-64.424001	-10.080398	51.118182	-4.692976	-84.454250	-85.460512	47.238258	-29.180518	38.506074	-70.820258	63.450780	30.893838	-53.502913	
