%count	x
15	-1.757774	97.497206	22.176410	-89.307714	-50.671728	-65.732818	92.027477	-27.216362	-24.072474	30.092932	-80.401373	-38.420566	73.700236	-99.873252	79.535689	55.073764	7.781471	-67.999231	-70.644400	79.444888	4.495014	18.867261	95.729020	-68.534013	-75.101658	-50.892353	31.299501	81.234205	29.112609	37.985192	
30	-1.757774	97.497206	22.176410	-89.307714	-50.671728	-65.732818	92.027477	-27.216362	-24.072474	30.092932	-80.401373	-38.420566	73.700236	-99.873252	79.535689	55.073764	7.781471	-67.999231	-70.644400	79.444888	4.495014	18.867261	95.729020	-68.534013	-75.101658	-50.892353	31.299501	81.234205	29.112609	37.985192	
45	-1.757774	97.497206	22.176410	-89.307714	-50.671728	-65.732818	92.027477	-27.216362	-24.072474	30.092932	-80.401373	-38.420566	73.700236	-99.873252	79.535689	55.073764	7.781471	-67.999231	-70.644400	79.444888	4.495014	18.867261	95.729020	-68.534013	-75.101658	-50.892353	31.299501	81.234205	29.112609	37.985192	
60	-1.757774	97.497206	22.176410	-89.307714	-50.671728	-65.732818	92.027477	-27.216362	-24.072474	30.092932	-80.401373	-38.420566	73.700236	-99.873252	79.535689	55.073764	7.781471	-67.999231	-70.644400	79.444888	4.495014	18.867261	95.729020	-68.534013	-75.101658	-50.892353	31.299501	81.234205	29.112609	37.985192	
75	4.763547	-75.424767	92.296249	14.028883	75.445743	46.814458	2.407255	-28.318874	-45.226583	46.826704	-56.811791	4.551633	-77.051120	-65.514301	54.584212	-88.153240	21.826097	-75.318152	-12.052982	-45.453422	3.338648	79.141342	88.029633	60.189984	-40.425585	46.550366	-78.295806	-21.277000	-31.305165	14.287889	
90	4.763547	-75.424767	92.296249	14.028883	75.445743	46.814458	2.407255	-28.318874	-45.226583	46.826704	-56.811791	4.551633	-77.051120	-65.514301	54.584212	-88.153240	21.826097	-75.318152	-12.052982	-45.453422	3.338648	79.141342	88.029633	60.189984	-40.425585	46.550366	-78.295806	-21.277000	-31.305165	14.287889	
105	4.763547	-75.424767	92.296249	14.028883	75.445743	46.814458	2.407255	-28.318874	-45.226583	46.826704	-56.811791	4.551633	-77.051120	-65.514301	54.584212	-88.153240	21.826097	-75.318152	-12.052982	-45.453422	3.338648	79.141342	88.029633	60.189984	-40.425585	46.550366	-78.295806	-21.277000	-31.305165	14.287889	
120	4.763547	-75.424767	92.296249	14.028883	75.445743	46.814458	2.407255	-28.318874	-45.226583	46.826704	-56.811791	4.551633	-77.051120	-65.514301	54.584212	-88.153240	21.826097	-75.318152	-12.052982	-45.453422	3.338648	79.141342	88.029633	60.189984	-40.425585	46.550366	-78.295806	-21.277000	-31.305165	14.287889	
135	4.763547	-75.424767	92.296249	14.028883	75.445743	46.814458	2.407255	-28.318874	-45.226583	46.826704	-56.811791	4.551633	-77.051120	-65.514301	54.584212	-88.153240	21.826097	-75.318152	-12.052982	-45.453422	3.338648	79.141342	88.029633	60.189984	-40.425585	46.550366	-78.295806	-21.277000	-31.305165	14.287889	
150	-31.884267	-42.121428	-32.154558	-3.597660	26.469417	12.786776	48.025989	-86.217672	-27.061380	-1.066656	-10.369381	16.750744	4.172243	45.628922	88.708304	15.155533	39.367750	95.435499	10.980634	1.096432	30.559766	44.563492	-76.561173	40.145939	-17.640563	82.064893	65.552461	-19.857461	-52.993166	0.000043	
300	-31.884267	-42.121428	-32.154558	-3.597660	26.469417	12.786776	48.025989	-86.217672	-27.061380	-1.066656	-10.369381	16.750744	4.172243	45.628922	88.708304	15.155533	39.367750	95.435499	10.980634	1.096432	30.559766	44.563492	-76.561173	40.145939	-17.640563	82.064893	65.552461	-19.857461	-52.993166	0.000043	
450	-31.884267	-42.121428	-32.154558	-3.597660	26.469417	12.786776	48.025989	-86.217672	-27.061380	-1.066656	-10.369381	16.750744	4.172243	45.628922	88.708304	15.155533	39.367750	95.435499	10.980634	1.096432	30.559766	44.563492	-76.561173	40.145939	-17.640563	82.064893	65.552461	-19.857461	-52.993166	0.000043	
600	-66.292906	-15.677141	8.962538	-21.374948	59.643173	-74.499083	44.532444	-49.677650	-80.115199	68.349444	58.750107	-92.971366	-7.132499	-15.388974	38.042266	45.172308	-93.124970	-75.488897	-86.337934	-16.816144	-20.333789	2.564435	-75.974431	-18.319124	-58.935683	-51.775701	-16.714939	-13.028764	-40.364922	-9.758057	
750	-66.292906	-15.677141	8.962538	-21.374948	59.643173	-74.499083	44.532444	-49.677650	-80.115199	68.349444	58.750107	-92.971366	-7.132499	-15.388974	38.042266	45.172308	-93.124970	-75.488897	-86.337934	-16.816144	-20.333789	2.564435	-75.974431	-18.319124	-58.935683	-51.775701	-16.714939	-13.028764	-40.364922	-9.758057	
900	-66.292906	-15.677141	8.962538	-21.374948	59.643173	-74.499083	44.532444	-49.677650	-80.115199	68.349444	58.750107	-92.971366	-7.132499	-15.388974	38.042266	45.172308	-93.124970	-75.488897	-86.337934	-16.816144	-20.333789	2.564435	-75.974431	-18.319124	-58.935683	-51.775701	-16.714939	-13.028764	-40.364922	-9.758057	
1050	-66.292906	-15.677141	8.962538	-21.374948	59.643173	-74.499083	44.532444	-49.677650	-80.115199	68.349444	58.750107	-92.971366	-7.132499	-15.388974	38.042266	45.172308	-93.124970	-75.488897	-86.337934	-16.816144	-20.333789	2.564435	-75.974431	-18.319124	-58.935683	-51.775701	-16.714939	-13.028764	-40.364922	-9.758057	
1200	97.804343	48.872203	31.705217	87.420494	-22.208206	41.420856	61.884251	-81.866167	5.558981	-4.811239	-85.645176	83.461052	-90.084777	-54.191720	-20.040573	61.032539	-5.969689	-55.881323	-83.236761	44.150242	-10.132644	-25.389960	38.376923	-9.712438	78.249078	65.744994	91.653420	52.093575	-75.088588	-88.674875	
1350	97.804343	48.872203	31.705217	87.420494	-22.208206	41.420856	61.884251	-81.866167	5.558981	-4.811239	-85.645176	83.461052	-90.084777	-54.191720	-20.040573	61.032539	-5.969689	-55.881323	-83.236761	44.150242	-10.132644	-25.389960	38.376923	-9.712438	78.249078	65.744994	91.653420	52.093575	-75.088588	-88.674875	
1500	97.804343	48.872203	31.705217	87.420494	-22.208206	41.420856	61.884251	-81.866167	5.558981	-4.811239	-85.645176	83.461052	-90.084777	-54.191720	-20.040573	61.032539	-5.969689	-55.881323	-83.236761	44.150242	-10.132644	-25.389960	38.376923	-9.712438	78.249078	65.744994	91.653420	52.093575	-75.088588	-88.674875	
