%count	x
15	85.867780	63.376203	-25.261383	-76.024212	37.591500	81.338355	-39.024397	11.490842	51.928028	52.072767	20.962940	20.562674	67.500844	46.629353	-55.381045	-68.371900	63.241595	41.916373	-34.184918	-65.855873	73.012506	-29.715105	-61.164993	20.308241	49.466824	14.220729	-16.807150	-42.442137	-41.563188	-87.153837	
30	85.867780	63.376203	-25.261383	-76.024212	37.591500	81.338355	-39.024397	11.490842	51.928028	52.072767	20.962940	20.562674	67.500844	46.629353	-55.381045	-68.371900	63.241595	41.916373	-34.184918	-65.855873	73.012506	-29.715105	-61.164993	20.308241	49.466824	14.220729	-16.807150	-42.442137	-41.563188	-87.153837	
45	73.170094	-27.825477	-18.527536	-49.477924	57.625116	95.125811	-34.875198	86.897596	-53.356475	22.780002	24.975696	-98.704957	-77.945396	-78.380339	51.765531	-65.326140	-69.183395	51.334456	-69.743238	63.127633	10.322971	-91.961130	-25.777647	41.289950	-25.880191	-20.257581	21.948638	36.546453	-50.909298	-38.321624	
60	73.170094	-27.825477	-18.527536	-49.477924	57.625116	95.125811	-34.875198	86.897596	-53.356475	22.780002	24.975696	-98.704957	-77.945396	-78.380339	51.765531	-65.326140	-69.183395	51.334456	-69.743238	63.127633	10.322971	-91.961130	-25.777647	41.289950	-25.880191	-20.257581	21.948638	36.546453	-50.909298	-38.321624	
75	73.170094	-27.825477	-18.527536	-49.477924	57.625116	95.125811	-34.875198	86.897596	-53.356475	22.780002	24.975696	-98.704957	-77.945396	-78.380339	51.765531	-65.326140	-69.183395	51.334456	-69.743238	63.127633	10.322971	-91.961130	-25.777647	41.289950	-25.880191	-20.257581	21.948638	36.546453	-50.909298	-38.321624	
90	10.070545	45.910024	47.807913	-17.625254	66.235848	26.853459	-8.067862	-41.821123	-38.369811	36.303159	33.927368	-77.939883	-14.716389	-75.529287	15.535750	23.763993	28.625264	-80.079698	6.202680	-74.607530	64.355559	71.559034	-29.886454	-89.254192	-48.537867	50.570864	-63.175335	57.004437	-43.902234	-25.557415	
105	4.538465	43.145215	13.356148	13.780230	-22.587604	65.355507	18.676792	-12.559772	-12.046167	-81.183784	-4.774619	30.247983	92.729141	-56.342264	59.903146	-13.892465	-9.000675	-68.929671	-72.178849	-15.137036	-18.609041	90.750733	-16.414465	-73.480459	23.920811	-14.351504	-78.342002	8.041028	-45.755704	-87.534210	
120	4.538465	43.145215	13.356148	13.780230	-22.587604	65.355507	18.676792	-12.559772	-12.046167	-81.183784	-4.774619	30.247983	92.729141	-56.342264	59.903146	-13.892465	-9.000675	-68.929671	-72.178849	-15.137036	-18.609041	90.750733	-16.414465	-73.480459	23.920811	-14.351504	-78.342002	8.041028	-45.755704	-87.534210	
135	4.538465	43.145215	13.356148	13.780230	-22.587604	65.355507	18.676792	-12.559772	-12.046167	-81.183784	-4.774619	30.247983	92.729141	-56.342264	59.903146	-13.892465	-9.000675	-68.929671	-72.178849	-15.137036	-18.609041	90.750733	-16.414465	-73.480459	23.920811	-14.351504	-78.342002	8.041028	-45.755704	-87.534210	
150	4.538465	43.145215	13.356148	13.780230	-22.587604	65.355507	18.676792	-12.559772	-12.046167	-81.183784	-4.774619	30.247983	92.729141	-56.342264	59.903146	-13.892465	-9.000675	-68.929671	-72.178849	-15.137036	-18.609041	90.750733	-16.414465	-73.480459	23.920811	-14.351504	-78.342002	8.041028	-45.755704	-87.534210	
300	4.538465	43.145215	13.356148	13.780230	-22.587604	65.355507	18.676792	-12.559772	-12.046167	-81.183784	-4.774619	30.247983	92.729141	-56.342264	59.903146	-13.892465	-9.000675	-68.929671	-72.178849	-15.137036	-18.609041	90.750733	-16.414465	-73.480459	23.920811	-14.351504	-78.342002	8.041028	-45.755704	-87.534210	
450	78.063195	10.575777	-19.827795	27.838210	82.446618	39.622836	-37.727616	33.336959	-83.252686	-30.399489	14.556959	-37.050370	-42.083947	56.874421	76.595584	-37.615400	60.317239	92.006896	-47.450133	-35.698452	84.936182	-10.459268	17.105353	-64.674726	-96.291329	41.738230	8.176271	33.891295	-5.722591	-13.627813	
600	78.063195	10.575777	-19.827795	27.838210	82.446618	39.622836	-37.727616	33.336959	-83.252686	-30.399489	14.556959	-37.050370	-42.083947	56.874421	76.595584	-37.615400	60.317239	92.006896	-47.450133	-35.698452	84.936182	-10.459268	17.105353	-64.674726	-96.291329	41.738230	8.176271	33.891295	-5.722591	-13.627813	
750	78.063195	10.575777	-19.827795	27.838210	82.446618	39.622836	-37.727616	33.336959	-83.252686	-30.399489	14.556959	-37.050370	-42.083947	56.874421	76.595584	-37.615400	60.317239	92.006896	-47.450133	-35.698452	84.936182	-10.459268	17.105353	-64.674726	-96.291329	41.738230	8.176271	33.891295	-5.722591	-13.627813	
900	-25.468523	13.161088	39.552934	36.301927	-12.936638	11.410391	-16.897985	2.575172	6.105324	10.111207	10.297573	-98.137488	-12.422130	-48.410772	83.239727	-8.732064	26.342796	1.495723	-43.851010	49.213110	91.557589	-99.293820	39.600496	-60.609819	-95.661029	-53.108161	-50.581523	-0.209367	48.742029	-93.914742	
1050	-25.468523	13.161088	39.552934	36.301927	-12.936638	11.410391	-16.897985	2.575172	6.105324	10.111207	10.297573	-98.137488	-12.422130	-48.410772	83.239727	-8.732064	26.342796	1.495723	-43.851010	49.213110	91.557589	-99.293820	39.600496	-60.609819	-95.661029	-53.108161	-50.581523	-0.209367	48.742029	-93.914742	
1200	-25.468523	13.161088	39.552934	36.301927	-12.936638	11.410391	-16.897985	2.575172	6.105324	10.111207	10.297573	-98.137488	-12.422130	-48.410772	83.239727	-8.732064	26.342796	1.495723	-43.851010	49.213110	91.557589	-99.293820	39.600496	-60.609819	-95.661029	-53.108161	-50.581523	-0.209367	48.742029	-93.914742	
1350	78.863884	28.875546	69.487939	37.982711	-15.206206	80.393346	-52.729344	24.808120	87.216553	62.444276	-13.947268	-37.295580	2.127267	-75.288463	43.798414	40.994570	11.549189	11.869746	-57.077147	18.359955	85.074092	-26.105740	-44.295671	-58.955770	-48.009815	-8.689671	-76.351621	-48.774480	-26.997612	70.397853	
1500	78.863884	28.875546	69.487939	37.982711	-15.206206	80.393346	-52.729344	24.808120	87.216553	62.444276	-13.947268	-37.295580	2.127267	-75.288463	43.798414	40.994570	11.549189	11.869746	-57.077147	18.359955	85.074092	-26.105740	-44.295671	-58.955770	-48.009815	-8.689671	-76.351621	-48.774480	-26.997612	70.397853	
