%count	x
15	-32.013782	-53.186097	28.523844	60.088110	65.532417	-19.739087	-59.925047	-71.931361	-1.986982	78.062936	73.701851	36.015103	-31.822019	85.298880	-37.100606	-42.785756	33.311038	0.981760	-50.294977	50.368897	-0.942866	94.631343	-21.596964	-12.672168	2.007650	5.989400	15.366596	-45.073088	-41.435794	28.290007	
30	-32.013782	-53.186097	28.523844	60.088110	65.532417	-19.739087	-59.925047	-71.931361	-1.986982	78.062936	73.701851	36.015103	-31.822019	85.298880	-37.100606	-42.785756	33.311038	0.981760	-50.294977	50.368897	-0.942866	94.631343	-21.596964	-12.672168	2.007650	5.989400	15.366596	-45.073088	-41.435794	28.290007	
45	-32.013782	-53.186097	28.523844	60.088110	65.532417	-19.739087	-59.925047	-71.931361	-1.986982	78.062936	73.701851	36.015103	-31.822019	85.298880	-37.100606	-42.785756	33.311038	0.981760	-50.294977	50.368897	-0.942866	94.631343	-21.596964	-12.672168	2.007650	5.989400	15.366596	-45.073088	-41.435794	28.290007	
60	-32.013782	-53.186097	28.523844	60.088110	65.532417	-19.739087	-59.925047	-71.931361	-1.986982	78.062936	73.701851	36.015103	-31.822019	85.298880	-37.100606	-42.785756	33.311038	0.981760	-50.294977	50.368897	-0.942866	94.631343	-21.596964	-12.672168	2.007650	5.989400	15.366596	-45.073088	-41.435794	28.290007	
75	31.033821	78.951058	86.467738	-23.245492	-70.294234	16.428277	-45.053711	1.384653	-50.077686	29.492771	-64.254990	-17.639824	-54.123197	80.567523	5.608037	93.360885	0.127506	51.725495	-40.889146	-82.894815	-59.109025	45.934160	-98.894424	-72.805926	-66.549936	76.712134	-56.007691	26.874097	15.785597	-36.050544	
90	31.033821	78.951058	86.467738	-23.245492	-70.294234	16.428277	-45.053711	1.384653	-50.077686	29.492771	-64.254990	-17.639824	-54.123197	80.567523	5.608037	93.360885	0.127506	51.725495	-40.889146	-82.894815	-59.109025	45.934160	-98.894424	-72.805926	-66.549936	76.712134	-56.007691	26.874097	15.785597	-36.050544	
105	31.033821	78.951058	86.467738	-23.245492	-70.294234	16.428277	-45.053711	1.384653	-50.077686	29.492771	-64.254990	-17.639824	-54.123197	80.567523	5.608037	93.360885	0.127506	51.725495	-40.889146	-82.894815	-59.109025	45.934160	-98.894424	-72.805926	-66.549936	76.712134	-56.007691	26.874097	15.785597	-36.050544	
120	31.033821	78.951058	86.467738	-23.245492	-70.294234	16.428277	-45.053711	1.384653	-50.077686	29.492771	-64.254990	-17.639824	-54.123197	80.567523	5.608037	93.360885	0.127506	51.725495	-40.889146	-82.894815	-59.109025	45.934160	-98.894424	-72.805926	-66.549936	76.712134	-56.007691	26.874097	15.785597	-36.050544	
135	31.033821	78.951058	86.467738	-23.245492	-70.294234	16.428277	-45.053711	1.384653	-50.077686	29.492771	-64.254990	-17.639824	-54.123197	80.567523	5.608037	93.360885	0.127506	51.725495	-40.889146	-82.894815	-59.109025	45.934160	-98.894424	-72.805926	-66.549936	76.712134	-56.007691	26.874097	15.785597	-36.050544	
150	31.033821	78.951058	86.467738	-23.245492	-70.294234	16.428277	-45.053711	1.384653	-50.077686	29.492771	-64.254990	-17.639824	-54.123197	80.567523	5.608037	93.360885	0.127506	51.725495	-40.889146	-82.894815	-59.109025	45.934160	-98.894424	-72.805926	-66.549936	76.712134	-56.007691	26.874097	15.785597	-36.050544	
300	27.443577	-33.284194	42.002338	-7.913156	13.150849	30.377106	39.952764	-33.573172	-91.235182	-9.964677	-51.887069	53.004568	-79.681170	-4.395251	2.420390	-50.387288	55.663348	67.521655	13.887055	-7.785044	-18.839989	14.854885	-26.044874	90.814745	-31.466874	52.133779	-9.827926	5.895606	-27.576253	-23.111509	
450	27.443577	-33.284194	42.002338	-7.913156	13.150849	30.377106	39.952764	-33.573172	-91.235182	-9.964677	-51.887069	53.004568	-79.681170	-4.395251	2.420390	-50.387288	55.663348	67.521655	13.887055	-7.785044	-18.839989	14.854885	-26.044874	90.814745	-31.466874	52.133779	-9.827926	5.895606	-27.576253	-23.111509	
600	27.443577	-33.284194	42.002338	-7.913156	13.150849	30.377106	39.952764	-33.573172	-91.235182	-9.964677	-51.887069	53.004568	-79.681170	-4.395251	2.420390	-50.387288	55.663348	67.521655	13.887055	-7.785044	-18.839989	14.854885	-26.044874	90.814745	-31.466874	52.133779	-9.827926	5.895606	-27.576253	-23.111509	
750	67.903859	14.394380	88.941577	-2.977785	-34.791881	-24.225152	26.693124	-21.132598	-89.189926	37.270711	50.083713	78.070299	-38.473387	59.842219	61.723508	-44.163304	-21.335108	44.931268	83.471416	13.813667	-57.927724	53.603081	-58.465848	-42.262970	-85.415601	-83.430730	26.598772	-56.002708	6.082658	94.858674	
900	67.903859	14.394380	88.941577	-2.977785	-34.791881	-24.225152	26.693124	-21.132598	-89.189926	37.270711	50.083713	78.070299	-38.473387	59.842219	61.723508	-44.163304	-21.335108	44.931268	83.471416	13.813667	-57.927724	53.603081	-58.465848	-42.262970	-85.415601	-83.430730	26.598772	-56.002708	6.082658	94.858674	
1050	98.798726	76.395539	-52.767716	76.680397	0.494536	-97.668244	-51.530039	27.076426	-44.659992	35.909677	-0.384802	29.553453	-19.831550	50.071338	-4.479971	-41.747392	49.423820	-5.863469	22.651499	31.609033	30.783593	11.192637	-88.361017	-5.400575	-18.360575	24.908437	6.844667	-74.294603	30.224364	-61.544557	
1200	-56.576735	13.408041	-87.988119	3.912403	-36.823455	18.499323	-95.419340	58.517684	-20.179333	63.797083	-63.087138	30.602464	-19.610688	68.206005	89.642688	62.460290	-33.951029	64.363818	16.667976	34.612219	-78.700709	-24.715038	2.542694	-69.439159	-98.564594	94.788177	38.823349	-32.144189	-86.128838	-82.144537	
1350	-56.576735	13.408041	-87.988119	3.912403	-36.823455	18.499323	-95.419340	58.517684	-20.179333	63.797083	-63.087138	30.602464	-19.610688	68.206005	89.642688	62.460290	-33.951029	64.363818	16.667976	34.612219	-78.700709	-24.715038	2.542694	-69.439159	-98.564594	94.788177	38.823349	-32.144189	-86.128838	-82.144537	
1500	-56.576735	13.408041	-87.988119	3.912403	-36.823455	18.499323	-95.419340	58.517684	-20.179333	63.797083	-63.087138	30.602464	-19.610688	68.206005	89.642688	62.460290	-33.951029	64.363818	16.667976	34.612219	-78.700709	-24.715038	2.542694	-69.439159	-98.564594	94.788177	38.823349	-32.144189	-86.128838	-82.144537	
