%count	x
15	-68.316749	99.211861	83.102115	-82.686878	-58.261273	2.366095	37.988001	-75.460869	-5.356189	-80.239466	-96.067287	-97.707320	23.066515	86.938976	17.896443	-0.772963	32.653509	93.628954	-53.566966	76.586145	27.786890	-37.526950	43.846218	81.588612	-43.326258	-84.802749	9.114742	9.566183	-38.669817	-86.299553	
30	-68.316749	99.211861	83.102115	-82.686878	-58.261273	2.366095	37.988001	-75.460869	-5.356189	-80.239466	-96.067287	-97.707320	23.066515	86.938976	17.896443	-0.772963	32.653509	93.628954	-53.566966	76.586145	27.786890	-37.526950	43.846218	81.588612	-43.326258	-84.802749	9.114742	9.566183	-38.669817	-86.299553	
45	-68.316749	99.211861	83.102115	-82.686878	-58.261273	2.366095	37.988001	-75.460869	-5.356189	-80.239466	-96.067287	-97.707320	23.066515	86.938976	17.896443	-0.772963	32.653509	93.628954	-53.566966	76.586145	27.786890	-37.526950	43.846218	81.588612	-43.326258	-84.802749	9.114742	9.566183	-38.669817	-86.299553	
60	45.457834	-44.711813	-37.106710	2.131762	-36.866901	-62.637602	-34.806407	81.601762	-40.326947	84.559227	54.975227	-26.840140	56.681284	-85.586403	71.236521	43.349897	-1.457728	-45.939215	-49.821472	-59.294002	26.638004	-78.914640	99.616867	28.115194	-73.923260	-96.703742	87.505129	-56.557449	-86.655177	-88.465273	
75	45.457834	-44.711813	-37.106710	2.131762	-36.866901	-62.637602	-34.806407	81.601762	-40.326947	84.559227	54.975227	-26.840140	56.681284	-85.586403	71.236521	43.349897	-1.457728	-45.939215	-49.821472	-59.294002	26.638004	-78.914640	99.616867	28.115194	-73.923260	-96.703742	87.505129	-56.557449	-86.655177	-88.465273	
90	45.457834	-44.711813	-37.106710	2.131762	-36.866901	-62.637602	-34.806407	81.601762	-40.326947	84.559227	54.975227	-26.840140	56.681284	-85.586403	71.236521	43.349897	-1.457728	-45.939215	-49.821472	-59.294002	26.638004	-78.914640	99.616867	28.115194	-73.923260	-96.703742	87.505129	-56.557449	-86.655177	-88.465273	
105	45.457834	-44.711813	-37.106710	2.131762	-36.866901	-62.637602	-34.806407	81.601762	-40.326947	84.559227	54.975227	-26.840140	56.681284	-85.586403	71.236521	43.349897	-1.457728	-45.939215	-49.821472	-59.294002	26.638004	-78.914640	99.616867	28.115194	-73.923260	-96.703742	87.505129	-56.557449	-86.655177	-88.465273	
120	45.457834	-44.711813	-37.106710	2.131762	-36.866901	-62.637602	-34.806407	81.601762	-40.326947	84.559227	54.975227	-26.840140	56.681284	-85.586403	71.236521	43.349897	-1.457728	-45.939215	-49.821472	-59.294002	26.638004	-78.914640	99.616867	28.115194	-73.923260	-96.703742	87.505129	-56.557449	-86.655177	-88.465273	
135	45.457834	-44.711813	-37.106710	2.131762	-36.866901	-62.637602	-34.806407	81.601762	-40.326947	84.559227	54.975227	-26.840140	56.681284	-85.586403	71.236521	43.349897	-1.457728	-45.939215	-49.821472	-59.294002	26.638004	-78.914640	99.616867	28.115194	-73.923260	-96.703742	87.505129	-56.557449	-86.655177	-88.465273	
150	45.457834	-44.711813	-37.106710	2.131762	-36.866901	-62.637602	-34.806407	81.601762	-40.326947	84.559227	54.975227	-26.840140	56.681284	-85.586403	71.236521	43.349897	-1.457728	-45.939215	-49.821472	-59.294002	26.638004	-78.914640	99.616867	28.115194	-73.923260	-96.703742	87.505129	-56.557449	-86.655177	-88.465273	
300	-72.590548	62.326750	89.339632	49.534982	71.775768	49.471296	-8.868559	48.694994	-36.427653	-94.594563	-16.816487	57.631672	9.187679	8.822781	77.534912	24.159310	36.992110	34.623939	-55.061595	-39.289185	-92.584943	98.021634	26.353157	3.360522	7.985000	-46.976226	5.535994	70.814535	-17.631478	-23.086048	
450	-72.590548	62.326750	89.339632	49.534982	71.775768	49.471296	-8.868559	48.694994	-36.427653	-94.594563	-16.816487	57.631672	9.187679	8.822781	77.534912	24.159310	36.992110	34.623939	-55.061595	-39.289185	-92.584943	98.021634	26.353157	3.360522	7.985000	-46.976226	5.535994	70.814535	-17.631478	-23.086048	
600	-72.590548	62.326750	89.339632	49.534982	71.775768	49.471296	-8.868559	48.694994	-36.427653	-94.594563	-16.816487	57.631672	9.187679	8.822781	77.534912	24.159310	36.992110	34.623939	-55.061595	-39.289185	-92.584943	98.021634	26.353157	3.360522	7.985000	-46.976226	5.535994	70.814535	-17.631478	-23.086048	
750	64.320317	-46.229116	-41.622091	-19.781086	94.133395	-47.826457	-87.002356	-33.844981	87.385657	-2.384210	-24.070644	34.186878	-8.769723	-62.299341	62.681032	-64.591511	36.263605	-9.637474	7.632762	-56.014114	-42.342953	64.069378	94.294656	26.427744	19.540781	-93.723056	-82.626701	60.931031	-21.884339	-89.576616	
900	64.320317	-46.229116	-41.622091	-19.781086	94.133395	-47.826457	-87.002356	-33.844981	87.385657	-2.384210	-24.070644	34.186878	-8.769723	-62.299341	62.681032	-64.591511	36.263605	-9.637474	7.632762	-56.014114	-42.342953	64.069378	94.294656	26.427744	19.540781	-93.723056	-82.626701	60.931031	-21.884339	-89.576616	
1050	64.320317	-46.229116	-41.622091	-19.781086	94.133395	-47.826457	-87.002356	-33.844981	87.385657	-2.384210	-24.070644	34.186878	-8.769723	-62.299341	62.681032	-64.591511	36.263605	-9.637474	7.632762	-56.014114	-42.342953	64.069378	94.294656	26.427744	19.540781	-93.723056	-82.626701	60.931031	-21.884339	-89.576616	
1200	64.320317	-46.229116	-41.622091	-19.781086	94.133395	-47.826457	-87.002356	-33.844981	87.385657	-2.384210	-24.070644	34.186878	-8.769723	-62.299341	62.681032	-64.591511	36.263605	-9.637474	7.632762	-56.014114	-42.342953	64.069378	94.294656	26.427744	19.540781	-93.723056	-82.626701	60.931031	-21.884339	-89.576616	
1350	64.320317	-46.229116	-41.622091	-19.781086	94.133395	-47.826457	-87.002356	-33.844981	87.385657	-2.384210	-24.070644	34.186878	-8.769723	-62.299341	62.681032	-64.591511	36.263605	-9.637474	7.632762	-56.014114	-42.342953	64.069378	94.294656	26.427744	19.540781	-93.723056	-82.626701	60.931031	-21.884339	-89.576616	
1500	64.320317	-46.229116	-41.622091	-19.781086	94.133395	-47.826457	-87.002356	-33.844981	87.385657	-2.384210	-24.070644	34.186878	-8.769723	-62.299341	62.681032	-64.591511	36.263605	-9.637474	7.632762	-56.014114	-42.342953	64.069378	94.294656	26.427744	19.540781	-93.723056	-82.626701	60.931031	-21.884339	-89.576616	
