%count	x
15	69.820127	-73.669119	83.755361	50.397709	77.863409	-15.349875	-50.357700	-44.375212	-53.324547	-6.422140	-98.846354	-3.001350	45.895854	-72.281183	-52.820792	-54.345191	-61.472302	20.652717	-47.189236	-49.052976	90.680704	-81.257734	-33.751748	-79.781531	-85.229232	-71.692762	-34.469225	20.798798	-95.014507	7.667778	
30	69.820127	-73.669119	83.755361	50.397709	77.863409	-15.349875	-50.357700	-44.375212	-53.324547	-6.422140	-98.846354	-3.001350	45.895854	-72.281183	-52.820792	-54.345191	-61.472302	20.652717	-47.189236	-49.052976	90.680704	-81.257734	-33.751748	-79.781531	-85.229232	-71.692762	-34.469225	20.798798	-95.014507	7.667778	
45	-15.168357	-48.654155	-97.192464	65.573614	-19.412585	-76.648744	-86.435131	13.088144	-38.085136	12.384730	-42.731692	73.363690	-69.359460	78.537372	-62.785733	-81.553087	5.720701	-24.828196	-48.777845	94.224497	29.662211	85.256765	-54.866490	29.238015	24.295757	-9.522013	-82.171675	51.319945	-81.778985	79.871011	
60	-70.341754	14.718817	-6.991185	58.945776	-28.944952	-0.289382	-9.623813	-51.077711	45.170425	6.875439	-90.272661	-25.055311	-36.071569	72.365111	99.459864	-26.302883	-13.026245	-50.902765	24.111453	-52.370232	39.693034	15.999677	11.520997	10.098566	46.184778	53.088219	13.992927	55.958059	-49.841472	-12.369410	
75	-70.341754	14.718817	-6.991185	58.945776	-28.944952	-0.289382	-9.623813	-51.077711	45.170425	6.875439	-90.272661	-25.055311	-36.071569	72.365111	99.459864	-26.302883	-13.026245	-50.902765	24.111453	-52.370232	39.693034	15.999677	11.520997	10.098566	46.184778	53.088219	13.992927	55.958059	-49.841472	-12.369410	
90	-70.341754	14.718817	-6.991185	58.945776	-28.944952	-0.289382	-9.623813	-51.077711	45.170425	6.875439	-90.272661	-25.055311	-36.071569	72.365111	99.459864	-26.302883	-13.026245	-50.902765	24.111453	-52.370232	39.693034	15.999677	11.520997	10.098566	46.184778	53.088219	13.992927	55.958059	-49.841472	-12.369410	
105	-70.341754	14.718817	-6.991185	58.945776	-28.944952	-0.289382	-9.623813	-51.077711	45.170425	6.875439	-90.272661	-25.055311	-36.071569	72.365111	99.459864	-26.302883	-13.026245	-50.902765	24.111453	-52.370232	39.693034	15.999677	11.520997	10.098566	46.184778	53.088219	13.992927	55.958059	-49.841472	-12.369410	
120	-70.341754	14.718817	-6.991185	58.945776	-28.944952	-0.289382	-9.623813	-51.077711	45.170425	6.875439	-90.272661	-25.055311	-36.071569	72.365111	99.459864	-26.302883	-13.026245	-50.902765	24.111453	-52.370232	39.693034	15.999677	11.520997	10.098566	46.184778	53.088219	13.992927	55.958059	-49.841472	-12.369410	
135	-70.341754	14.718817	-6.991185	58.945776	-28.944952	-0.289382	-9.623813	-51.077711	45.170425	6.875439	-90.272661	-25.055311	-36.071569	72.365111	99.459864	-26.302883	-13.026245	-50.902765	24.111453	-52.370232	39.693034	15.999677	11.520997	10.098566	46.184778	53.088219	13.992927	55.958059	-49.841472	-12.369410	
150	-70.341754	14.718817	-6.991185	58.945776	-28.944952	-0.289382	-9.623813	-51.077711	45.170425	6.875439	-90.272661	-25.055311	-36.071569	72.365111	99.459864	-26.302883	-13.026245	-50.902765	24.111453	-52.370232	39.693034	15.999677	11.520997	10.098566	46.184778	53.088219	13.992927	55.958059	-49.841472	-12.369410	
300	-61.519802	-38.469540	18.817190	57.947034	82.471728	-90.153416	97.873563	-51.533554	-62.349991	13.362837	-0.570472	23.450514	-31.230811	-1.962518	-68.985699	45.052900	92.244251	-89.294864	28.577285	82.785724	94.141598	-25.497904	71.319363	-87.443028	-59.187650	-85.103268	-23.517363	40.269035	99.218187	86.902211	
450	-61.519802	-38.469540	18.817190	57.947034	82.471728	-90.153416	97.873563	-51.533554	-62.349991	13.362837	-0.570472	23.450514	-31.230811	-1.962518	-68.985699	45.052900	92.244251	-89.294864	28.577285	82.785724	94.141598	-25.497904	71.319363	-87.443028	-59.187650	-85.103268	-23.517363	40.269035	99.218187	86.902211	
600	0.690069	13.663834	-26.360669	87.683812	-68.465666	-41.290899	-79.436280	-82.036302	88.865084	19.577556	-40.329231	-93.761538	-32.113807	-78.124968	-24.196305	-30.841248	30.500867	-76.643874	48.678681	-32.597353	-19.689598	51.667541	6.082586	72.055435	-21.771216	75.014193	50.625870	-55.395148	-17.716062	-14.171269	
750	0.690069	13.663834	-26.360669	87.683812	-68.465666	-41.290899	-79.436280	-82.036302	88.865084	19.577556	-40.329231	-93.761538	-32.113807	-78.124968	-24.196305	-30.841248	30.500867	-76.643874	48.678681	-32.597353	-19.689598	51.667541	6.082586	72.055435	-21.771216	75.014193	50.625870	-55.395148	-17.716062	-14.171269	
900	0.690069	13.663834	-26.360669	87.683812	-68.465666	-41.290899	-79.436280	-82.036302	88.865084	19.577556	-40.329231	-93.761538	-32.113807	-78.124968	-24.196305	-30.841248	30.500867	-76.643874	48.678681	-32.597353	-19.689598	51.667541	6.082586	72.055435	-21.771216	75.014193	50.625870	-55.395148	-17.716062	-14.171269	
1050	0.690069	13.663834	-26.360669	87.683812	-68.465666	-41.290899	-79.436280	-82.036302	88.865084	19.577556	-40.329231	-93.761538	-32.113807	-78.124968	-24.196305	-30.841248	30.500867	-76.643874	48.678681	-32.597353	-19.689598	51.667541	6.082586	72.055435	-21.771216	75.014193	50.625870	-55.395148	-17.716062	-14.171269	
1200	0.690069	13.663834	-26.360669	87.683812	-68.465666	-41.290899	-79.436280	-82.036302	88.865084	19.577556	-40.329231	-93.761538	-32.113807	-78.124968	-24.196305	-30.841248	30.500867	-76.643874	48.678681	-32.597353	-19.689598	51.667541	6.082586	72.055435	-21.771216	75.014193	50.625870	-55.395148	-17.716062	-14.171269	
1350	0.690069	13.663834	-26.360669	87.683812	-68.465666	-41.290899	-79.436280	-82.036302	88.865084	19.577556	-40.329231	-93.761538	-32.113807	-78.124968	-24.196305	-30.841248	30.500867	-76.643874	48.678681	-32.597353	-19.689598	51.667541	6.082586	72.055435	-21.771216	75.014193	50.625870	-55.395148	-17.716062	-14.171269	
1500	0.690069	13.663834	-26.360669	87.683812	-68.465666	-41.290899	-79.436280	-82.036302	88.865084	19.577556	-40.329231	-93.761538	-32.113807	-78.124968	-24.196305	-30.841248	30.500867	-76.643874	48.678681	-32.597353	-19.689598	51.667541	6.082586	72.055435	-21.771216	75.014193	50.625870	-55.395148	-17.716062	-14.171269	
