%count	x
15	-49.935196	-57.975455	58.686216	81.115940	84.384898	96.079342	-68.526837	-18.118005	-0.033246	-58.409737	36.535063	-0.946493	-15.793462	90.583462	-57.221210	-0.137354	90.265972	16.626876	-98.209678	-35.238734	84.770591	-37.014447	-43.521165	2.831728	-54.580277	60.728553	-19.652182	81.077774	82.735574	-47.511878	
30	29.962609	77.953818	-77.565875	-71.033167	-66.694029	62.486078	-45.623606	-24.986444	3.048628	-49.959309	-54.925825	-2.910719	77.759142	-78.981161	50.371544	-39.351725	-35.593642	91.474323	34.641804	63.723057	-91.853249	3.093515	-35.951335	-39.357567	-69.570922	90.116235	80.780490	-35.053858	75.949837	32.532574	
45	29.962609	77.953818	-77.565875	-71.033167	-66.694029	62.486078	-45.623606	-24.986444	3.048628	-49.959309	-54.925825	-2.910719	77.759142	-78.981161	50.371544	-39.351725	-35.593642	91.474323	34.641804	63.723057	-91.853249	3.093515	-35.951335	-39.357567	-69.570922	90.116235	80.780490	-35.053858	75.949837	32.532574	
60	29.962609	77.953818	-77.565875	-71.033167	-66.694029	62.486078	-45.623606	-24.986444	3.048628	-49.959309	-54.925825	-2.910719	77.759142	-78.981161	50.371544	-39.351725	-35.593642	91.474323	34.641804	63.723057	-91.853249	3.093515	-35.951335	-39.357567	-69.570922	90.116235	80.780490	-35.053858	75.949837	32.532574	
75	29.962609	77.953818	-77.565875	-71.033167	-66.694029	62.486078	-45.623606	-24.986444	3.048628	-49.959309	-54.925825	-2.910719	77.759142	-78.981161	50.371544	-39.351725	-35.593642	91.474323	34.641804	63.723057	-91.853249	3.093515	-35.951335	-39.357567	-69.570922	90.116235	80.780490	-35.053858	75.949837	32.532574	
90	70.201733	-31.004020	29.307324	-20.844801	-9.867024	69.130977	-44.925073	-4.085379	76.885768	96.526022	-52.789717	84.836556	-66.420651	-20.830417	-26.782712	-65.515947	-95.696035	-57.457706	27.616772	10.605604	-88.550133	65.180085	52.685072	-81.429321	-81.222341	15.370077	-11.345915	-49.849792	36.030913	53.690161	
105	70.201733	-31.004020	29.307324	-20.844801	-9.867024	69.130977	-44.925073	-4.085379	76.885768	96.526022	-52.789717	84.836556	-66.420651	-20.830417	-26.782712	-65.515947	-95.696035	-57.457706	27.616772	10.605604	-88.550133	65.180085	52.685072	-81.429321	-81.222341	15.370077	-11.345915	-49.849792	36.030913	53.690161	
120	70.201733	-31.004020	29.307324	-20.844801	-9.867024	69.130977	-44.925073	-4.085379	76.885768	96.526022	-52.789717	84.836556	-66.420651	-20.830417	-26.782712	-65.515947	-95.696035	-57.457706	27.616772	10.605604	-88.550133	65.180085	52.685072	-81.429321	-81.222341	15.370077	-11.345915	-49.849792	36.030913	53.690161	
135	70.201733	-31.004020	29.307324	-20.844801	-9.867024	69.130977	-44.925073	-4.085379	76.885768	96.526022	-52.789717	84.836556	-66.420651	-20.830417	-26.782712	-65.515947	-95.696035	-57.457706	27.616772	10.605604	-88.550133	65.180085	52.685072	-81.429321	-81.222341	15.370077	-11.345915	-49.849792	36.030913	53.690161	
150	70.201733	-31.004020	29.307324	-20.844801	-9.867024	69.130977	-44.925073	-4.085379	76.885768	96.526022	-52.789717	84.836556	-66.420651	-20.830417	-26.782712	-65.515947	-95.696035	-57.457706	27.616772	10.605604	-88.550133	65.180085	52.685072	-81.429321	-81.222341	15.370077	-11.345915	-49.849792	36.030913	53.690161	
300	70.201733	-31.004020	29.307324	-20.844801	-9.867024	69.130977	-44.925073	-4.085379	76.885768	96.526022	-52.789717	84.836556	-66.420651	-20.830417	-26.782712	-65.515947	-95.696035	-57.457706	27.616772	10.605604	-88.550133	65.180085	52.685072	-81.429321	-81.222341	15.370077	-11.345915	-49.849792	36.030913	53.690161	
450	70.201733	-31.004020	29.307324	-20.844801	-9.867024	69.130977	-44.925073	-4.085379	76.885768	96.526022	-52.789717	84.836556	-66.420651	-20.830417	-26.782712	-65.515947	-95.696035	-57.457706	27.616772	10.605604	-88.550133	65.180085	52.685072	-81.429321	-81.222341	15.370077	-11.345915	-49.849792	36.030913	53.690161	
600	26.371299	-42.036922	57.533553	51.782735	15.545632	67.016627	3.221207	-9.449416	-61.927299	-3.969702	29.739827	17.636320	12.451143	71.137844	-6.581961	45.734465	-44.660068	-44.704076	-88.747295	-6.636515	-51.277088	-67.640258	-83.741221	62.677375	-94.831070	25.075625	25.348979	21.141678	-8.517862	-52.998189	
750	26.371299	-42.036922	57.533553	51.782735	15.545632	67.016627	3.221207	-9.449416	-61.927299	-3.969702	29.739827	17.636320	12.451143	71.137844	-6.581961	45.734465	-44.660068	-44.704076	-88.747295	-6.636515	-51.277088	-67.640258	-83.741221	62.677375	-94.831070	25.075625	25.348979	21.141678	-8.517862	-52.998189	
900	26.371299	-42.036922	57.533553	51.782735	15.545632	67.016627	3.221207	-9.449416	-61.927299	-3.969702	29.739827	17.636320	12.451143	71.137844	-6.581961	45.734465	-44.660068	-44.704076	-88.747295	-6.636515	-51.277088	-67.640258	-83.741221	62.677375	-94.831070	25.075625	25.348979	21.141678	-8.517862	-52.998189	
1050	45.666734	68.320336	7.641481	-28.137964	-76.174792	91.376790	40.519899	86.805376	48.491412	46.726964	61.418938	41.793290	21.035679	-52.616231	-75.123475	61.280227	8.479499	-60.665206	-52.031647	27.515223	-17.427726	-33.417063	12.773963	-21.742758	3.077371	-67.469360	-93.684993	-14.473656	35.224914	-51.023469	
1200	45.973303	9.450654	72.290802	-20.618723	-84.491911	-17.468068	7.730422	83.618390	-71.443859	39.741868	-1.468857	-49.915838	-26.813130	-86.950426	22.101650	2.566876	-97.253942	-46.205820	64.085949	70.558558	18.233955	54.014599	52.770393	-35.912182	-65.351717	9.450322	93.054598	-39.888014	84.984139	89.818719	
1350	45.973303	9.450654	72.290802	-20.618723	-84.491911	-17.468068	7.730422	83.618390	-71.443859	39.741868	-1.468857	-49.915838	-26.813130	-86.950426	22.101650	2.566876	-97.253942	-46.205820	64.085949	70.558558	18.233955	54.014599	52.770393	-35.912182	-65.351717	9.450322	93.054598	-39.888014	84.984139	89.818719	
1500	45.973303	9.450654	72.290802	-20.618723	-84.491911	-17.468068	7.730422	83.618390	-71.443859	39.741868	-1.468857	-49.915838	-26.813130	-86.950426	22.101650	2.566876	-97.253942	-46.205820	64.085949	70.558558	18.233955	54.014599	52.770393	-35.912182	-65.351717	9.450322	93.054598	-39.888014	84.984139	89.818719	
