%count	x
15	52.668093	-64.695471	54.408073	25.252760	23.892663	-18.204134	-24.530472	44.655340	46.944934	-48.461636	74.747776	54.869340	9.513939	2.922608	-38.588898	-54.044954	7.467088	98.308395	24.834415	93.371507	-30.601616	-9.838737	15.394350	-7.420737	86.833475	-51.527110	-54.550135	11.512616	72.918578	-23.725008	
30	-94.392807	31.707337	94.094862	38.768761	18.666027	55.005178	-18.089595	16.065442	-96.283576	-72.417091	-27.227522	-65.436527	27.349442	1.214461	47.974611	38.180548	-60.070335	-72.733640	1.032924	-87.634957	-22.868391	-37.341702	10.848295	48.511272	69.883966	-93.789940	-35.018621	95.336428	56.697413	-74.087820	
45	-4.773214	-87.579450	25.083458	-23.640809	27.203442	64.838371	-52.937338	84.853457	49.142348	39.954578	-19.903312	-95.121029	96.088634	-52.419394	-90.685380	-59.457410	35.266742	4.209042	11.163140	-64.755542	-59.809950	5.978553	65.709127	98.002068	40.753739	66.726739	-77.533897	17.580998	67.423190	-67.987782	
60	-4.773214	-87.579450	25.083458	-23.640809	27.203442	64.838371	-52.937338	84.853457	49.142348	39.954578	-19.903312	-95.121029	96.088634	-52.419394	-90.685380	-59.457410	35.266742	4.209042	11.163140	-64.755542	-59.809950	5.978553	65.709127	98.002068	40.753739	66.726739	-77.533897	17.580998	67.423190	-67.987782	
75	-4.773214	-87.579450	25.083458	-23.640809	27.203442	64.838371	-52.937338	84.853457	49.142348	39.954578	-19.903312	-95.121029	96.088634	-52.419394	-90.685380	-59.457410	35.266742	4.209042	11.163140	-64.755542	-59.809950	5.978553	65.709127	98.002068	40.753739	66.726739	-77.533897	17.580998	67.423190	-67.987782	
90	-4.773214	-87.579450	25.083458	-23.640809	27.203442	64.838371	-52.937338	84.853457	49.142348	39.954578	-19.903312	-95.121029	96.088634	-52.419394	-90.685380	-59.457410	35.266742	4.209042	11.163140	-64.755542	-59.809950	5.978553	65.709127	98.002068	40.753739	66.726739	-77.533897	17.580998	67.423190	-67.987782	
105	-4.773214	-87.579450	25.083458	-23.640809	27.203442	64.838371	-52.937338	84.853457	49.142348	39.954578	-19.903312	-95.121029	96.088634	-52.419394	-90.685380	-59.457410	35.266742	4.209042	11.163140	-64.755542	-59.809950	5.978553	65.709127	98.002068	40.753739	66.726739	-77.533897	17.580998	67.423190	-67.987782	
120	-4.773214	-87.579450	25.083458	-23.640809	27.203442	64.838371	-52.937338	84.853457	49.142348	39.954578	-19.903312	-95.121029	96.088634	-52.419394	-90.685380	-59.457410	35.266742	4.209042	11.163140	-64.755542	-59.809950	5.978553	65.709127	98.002068	40.753739	66.726739	-77.533897	17.580998	67.423190	-67.987782	
135	-4.773214	-87.579450	25.083458	-23.640809	27.203442	64.838371	-52.937338	84.853457	49.142348	39.954578	-19.903312	-95.121029	96.088634	-52.419394	-90.685380	-59.457410	35.266742	4.209042	11.163140	-64.755542	-59.809950	5.978553	65.709127	98.002068	40.753739	66.726739	-77.533897	17.580998	67.423190	-67.987782	
150	-4.773214	-87.579450	25.083458	-23.640809	27.203442	64.838371	-52.937338	84.853457	49.142348	39.954578	-19.903312	-95.121029	96.088634	-52.419394	-90.685380	-59.457410	35.266742	4.209042	11.163140	-64.755542	-59.809950	5.978553	65.709127	98.002068	40.753739	66.726739	-77.533897	17.580998	67.423190	-67.987782	
300	-34.091433	25.070708	88.866063	58.098372	27.359791	-39.618246	-99.238784	54.054051	-69.333227	-5.382465	82.424895	75.426993	50.771574	-7.942498	35.518559	-98.429732	-75.189231	-8.385822	97.591795	-81.617060	20.706587	74.438693	-85.776085	-15.009626	27.654166	25.496888	-81.951768	94.399767	60.858937	-27.543261	
450	-34.091433	25.070708	88.866063	58.098372	27.359791	-39.618246	-99.238784	54.054051	-69.333227	-5.382465	82.424895	75.426993	50.771574	-7.942498	35.518559	-98.429732	-75.189231	-8.385822	97.591795	-81.617060	20.706587	74.438693	-85.776085	-15.009626	27.654166	25.496888	-81.951768	94.399767	60.858937	-27.543261	
600	-88.762685	-97.925310	-90.448736	-78.135085	15.771828	96.186188	28.029344	-10.460975	-34.578249	49.473711	22.738412	7.267187	-15.954729	29.733875	22.719054	58.702094	-20.785683	-40.690062	71.202895	39.426650	-45.275397	41.162618	-87.867429	98.084575	-95.678307	-18.782072	-29.673402	80.292930	37.175594	-17.356648	
750	82.029276	-80.449950	-47.335323	-75.309429	71.712466	-6.305552	96.838412	-15.104658	12.385765	59.029993	66.989333	19.289452	29.249341	-6.282490	11.636533	-15.519144	-83.839194	7.920985	-93.889771	52.156053	57.784227	2.791601	-84.945083	1.696995	-29.553602	74.684969	-51.504514	67.685069	78.596683	-37.233351	
900	82.029276	-80.449950	-47.335323	-75.309429	71.712466	-6.305552	96.838412	-15.104658	12.385765	59.029993	66.989333	19.289452	29.249341	-6.282490	11.636533	-15.519144	-83.839194	7.920985	-93.889771	52.156053	57.784227	2.791601	-84.945083	1.696995	-29.553602	74.684969	-51.504514	67.685069	78.596683	-37.233351	
1050	82.029276	-80.449950	-47.335323	-75.309429	71.712466	-6.305552	96.838412	-15.104658	12.385765	59.029993	66.989333	19.289452	29.249341	-6.282490	11.636533	-15.519144	-83.839194	7.920985	-93.889771	52.156053	57.784227	2.791601	-84.945083	1.696995	-29.553602	74.684969	-51.504514	67.685069	78.596683	-37.233351	
1200	82.029276	-80.449950	-47.335323	-75.309429	71.712466	-6.305552	96.838412	-15.104658	12.385765	59.029993	66.989333	19.289452	29.249341	-6.282490	11.636533	-15.519144	-83.839194	7.920985	-93.889771	52.156053	57.784227	2.791601	-84.945083	1.696995	-29.553602	74.684969	-51.504514	67.685069	78.596683	-37.233351	
1350	82.029276	-80.449950	-47.335323	-75.309429	71.712466	-6.305552	96.838412	-15.104658	12.385765	59.029993	66.989333	19.289452	29.249341	-6.282490	11.636533	-15.519144	-83.839194	7.920985	-93.889771	52.156053	57.784227	2.791601	-84.945083	1.696995	-29.553602	74.684969	-51.504514	67.685069	78.596683	-37.233351	
1500	82.029276	-80.449950	-47.335323	-75.309429	71.712466	-6.305552	96.838412	-15.104658	12.385765	59.029993	66.989333	19.289452	29.249341	-6.282490	11.636533	-15.519144	-83.839194	7.920985	-93.889771	52.156053	57.784227	2.791601	-84.945083	1.696995	-29.553602	74.684969	-51.504514	67.685069	78.596683	-37.233351	
