     % Run	                   5	                  10	                  15	                  20	                  25	                  30	                  35	                  40	                  45	                  50	                 100	                 150	                 200	                 250	                 300	                 350	                 400	                 450	                 500	
         1	        7.330110e+06	        8.000196e+05	        8.000196e+05	        8.000196e+05	        8.000196e+05	        8.000196e+05	        8.000196e+05	        8.000196e+05	        8.000196e+05	        8.000196e+05	        6.045523e+04	        6.045523e+04	        6.045523e+04	        1.472636e+04	        1.472636e+04	        1.472636e+04	        1.472636e+04	        1.472636e+04	        1.472636e+04	
         2	        7.793761e+05	        7.793761e+05	        7.793761e+05	        7.793761e+05	        7.793761e+05	        9.097803e+04	        9.097803e+04	        9.097803e+04	        9.097803e+04	        9.097803e+04	        9.097803e+04	        7.527287e+04	        7.527287e+04	        7.527287e+04	        7.527287e+04	        5.958676e+03	        5.958676e+03	        5.958676e+03	        5.958676e+03	
         3	        3.656894e+06	        8.373020e+05	        8.373020e+05	        8.373020e+05	        8.373020e+05	        8.373020e+05	        2.006401e+05	        2.006401e+05	        2.006401e+05	        2.006401e+05	        1.162196e+05	        1.162196e+05	        1.162196e+05	        1.162196e+05	        2.427117e+03	        2.427117e+03	        2.427117e+03	        2.427117e+03	        2.427117e+03	
         4	        5.415043e+05	        5.415043e+05	        4.185858e+05	        4.185858e+05	        2.939905e+05	        2.939905e+05	        2.939905e+05	        2.939905e+05	        2.939905e+05	        2.939905e+05	        6.356467e+04	        6.356467e+04	        6.356467e+04	        3.862857e+04	        3.862857e+04	        2.736414e+04	        2.736414e+04	        2.736414e+04	        2.736414e+04	
         5	        1.397511e+06	        2.669831e+05	        2.669831e+05	        2.669831e+05	        2.669831e+05	        1.977805e+05	        8.723266e+04	        8.723266e+04	        8.723266e+04	        8.723266e+04	        4.769910e+04	        4.769910e+04	        4.769910e+04	        4.769910e+04	        4.769910e+04	        4.420708e+04	        4.420708e+04	        4.420708e+04	        4.449403e+03	
         6	        5.682850e+06	        4.280943e+06	        4.280943e+06	        7.268815e+05	        7.268815e+05	        7.268815e+05	        7.268815e+05	        7.268815e+05	        7.268815e+05	        7.268815e+05	        6.927593e+05	        1.511746e+05	        1.511746e+05	        8.325184e+04	        8.325184e+04	        8.325184e+04	        8.325184e+04	        5.496982e+04	        5.496982e+04	
         7	        4.042480e+05	        4.042480e+05	        4.042480e+05	        3.074750e+05	        3.074750e+05	        2.313873e+05	        2.313873e+05	        2.313873e+05	        2.313873e+05	        2.313873e+05	        2.313873e+05	        2.313873e+05	        5.549479e+04	        5.549479e+04	        5.549479e+04	        5.549479e+04	        5.549479e+04	        5.549479e+04	        5.549479e+04	
         8	        1.404614e+07	        2.308596e+06	        8.618260e+05	        8.618260e+05	        8.618260e+05	        8.618260e+05	        8.618260e+05	        8.618260e+05	        8.618260e+05	        8.618260e+05	        3.515560e+05	        4.859420e+04	        4.859420e+04	        4.859420e+04	        4.859420e+04	        4.859420e+04	        2.510192e+04	        2.510192e+04	        2.510192e+04	
         9	        1.503900e+06	        2.549210e+05	        2.549210e+05	        2.549210e+05	        2.549210e+05	        2.549210e+05	        2.549210e+05	        8.651913e+04	        8.651913e+04	        8.651913e+04	        1.592732e+04	        1.592732e+04	        1.592732e+04	        1.592732e+04	        1.592732e+04	        1.592732e+04	        1.592732e+04	        1.592732e+04	        1.592732e+04	
        10	        6.734546e+04	        6.734546e+04	        6.734546e+04	        6.734546e+04	        6.734546e+04	        6.734546e+04	        6.734546e+04	        6.734546e+04	        6.734546e+04	        6.734546e+04	        5.796285e+04	        5.796285e+04	        5.796285e+04	        5.796285e+04	        5.796285e+04	        5.796285e+04	        5.796285e+04	        4.737865e+04	        4.737865e+04	
        11	        4.760200e+06	        2.108599e+06	        8.565505e+05	        5.611469e+05	        5.611469e+05	        5.611469e+05	        5.611469e+05	        5.611469e+05	        5.611469e+05	        5.611469e+05	        1.255019e+05	        7.487940e+04	        7.487940e+04	        7.487940e+04	        7.487940e+04	        7.487940e+04	        7.487940e+04	        7.487940e+04	        7.487940e+04	
        12	        2.147805e+06	        1.306170e+06	        1.306170e+06	        1.306170e+06	        1.306170e+06	        1.306170e+06	        1.306170e+06	        1.306170e+06	        1.306170e+06	        1.299924e+05	        7.133139e+04	        7.133139e+04	        7.133139e+04	        7.133139e+04	        7.133139e+04	        1.911499e+04	        1.911499e+04	        1.911499e+04	        1.651539e+04	
        13	        2.149755e+06	        2.149755e+06	        2.149755e+06	        2.057380e+06	        2.228752e+05	        2.228752e+05	        2.228752e+05	        2.228752e+05	        2.228752e+05	        1.443039e+05	        1.443039e+05	        1.443039e+05	        1.443039e+05	        1.443039e+05	        5.325827e+04	        5.325827e+04	        5.325827e+04	        5.325827e+04	        2.909334e+04	
        14	        3.125097e+06	        1.735162e+06	        1.735162e+06	        1.385547e+06	        1.385547e+06	        8.522134e+05	        8.522134e+05	        1.656267e+05	        1.656267e+05	        1.656267e+05	        1.441895e+05	        1.441895e+05	        1.441895e+05	        1.603746e+04	        1.603746e+04	        1.603746e+04	        1.603746e+04	        1.603746e+04	        1.603746e+04	
        15	        3.936000e+05	        3.936000e+05	        3.936000e+05	        3.936000e+05	        3.936000e+05	        1.561582e+04	        1.561582e+04	        1.561582e+04	        1.561582e+04	        1.561582e+04	        1.561582e+04	        1.561582e+04	        1.561582e+04	        1.561582e+04	        1.561582e+04	        1.561582e+04	        1.561582e+04	        1.561582e+04	        1.561582e+04	
        16	        8.858582e+06	        7.910594e+06	        3.645697e+06	        3.645697e+06	        9.621191e+05	        1.834677e+05	        1.834677e+05	        1.834677e+05	        1.404170e+05	        1.404170e+05	        6.130312e+03	        6.130312e+03	        6.130312e+03	        6.130312e+03	        6.130312e+03	        6.130312e+03	        6.130312e+03	        6.130312e+03	        6.130312e+03	
        17	        3.005579e+05	        3.005579e+05	        3.005579e+05	        3.005579e+05	        3.005579e+05	        3.005579e+05	        3.005579e+05	        1.303344e+05	        1.303344e+05	        1.303344e+05	        1.303344e+05	        1.303344e+05	        5.095300e+04	        5.095300e+04	        5.095300e+04	        5.095300e+04	        5.095300e+04	        5.095300e+04	        5.095300e+04	
        18	        3.102741e+06	        3.102741e+06	        1.572856e+05	        4.970734e+04	        4.970734e+04	        4.970734e+04	        4.970734e+04	        4.970734e+04	        4.970734e+04	        4.970734e+04	        4.970734e+04	        4.970734e+04	        4.970734e+04	        4.970734e+04	        4.970734e+04	        4.970734e+04	        4.970734e+04	        3.440875e+03	        3.440875e+03	
        19	        4.589907e+05	        9.209871e+04	        9.209871e+04	        9.209871e+04	        9.209871e+04	        9.209871e+04	        9.209871e+04	        9.209871e+04	        9.209871e+04	        9.209871e+04	        6.488398e+04	        6.488398e+04	        6.488398e+04	        6.488398e+04	        6.488398e+04	        6.488398e+04	        8.508240e+03	        8.508240e+03	        8.508240e+03	
        20	        2.115934e+06	        1.737133e+06	        1.254388e+06	        1.254388e+06	        1.254388e+06	        1.254388e+06	        1.254388e+06	        3.168446e+05	        3.168446e+05	        3.168446e+05	        2.374012e+05	        2.125005e+05	        2.125005e+05	        6.341671e+04	        6.341671e+04	        4.287407e+04	        4.287407e+04	        4.287407e+04	        4.287407e+04	
