%count	x
15	-26.865660	-21.423389	56.918359	-49.841396	19.676858	-33.113718	-82.408128	-49.681807	-24.654691	65.447790	61.964716	16.841171	10.405942	-36.956677	58.374306	0.344135	-8.399154	-50.931169	-76.927162	71.894004	30.081245	43.257728	-19.017747	-26.593599	-55.148979	15.797793	48.840465	-38.134854	82.823981	-45.105626	
30	-26.865660	-21.423389	56.918359	-49.841396	19.676858	-33.113718	-82.408128	-49.681807	-24.654691	65.447790	61.964716	16.841171	10.405942	-36.956677	58.374306	0.344135	-8.399154	-50.931169	-76.927162	71.894004	30.081245	43.257728	-19.017747	-26.593599	-55.148979	15.797793	48.840465	-38.134854	82.823981	-45.105626	
45	-26.865660	-21.423389	56.918359	-49.841396	19.676858	-33.113718	-82.408128	-49.681807	-24.654691	65.447790	61.964716	16.841171	10.405942	-36.956677	58.374306	0.344135	-8.399154	-50.931169	-76.927162	71.894004	30.081245	43.257728	-19.017747	-26.593599	-55.148979	15.797793	48.840465	-38.134854	82.823981	-45.105626	
60	73.518022	33.486292	-75.860006	95.353280	-80.466448	98.899191	-58.573333	50.329087	98.785673	-33.379326	53.229584	-44.130078	77.729721	-88.514561	-84.455653	21.525532	-62.690016	56.198502	3.736954	-79.242915	-88.966862	17.943307	0.507209	-70.349715	-79.627106	-33.102351	-13.419850	50.961029	29.740908	90.661906	
75	-54.704924	52.920447	9.366313	10.535514	44.812144	-17.889736	-53.300976	-7.731149	88.643607	24.082628	-91.931418	-25.629644	-14.018465	90.018252	66.140806	65.700534	12.448777	27.675577	-10.528239	-19.055892	-98.457783	34.296811	-93.243569	24.185148	20.565335	9.778014	-2.758861	79.689058	51.939269	-76.670147	
90	37.884177	-67.130884	-39.575285	-17.226672	83.582575	-82.870884	50.919607	-24.187696	-75.560488	91.056560	59.564875	18.952012	0.121312	74.874621	-37.706916	-91.170968	-97.570837	62.913425	3.515208	59.236613	-86.645798	-4.363708	-1.650182	46.293979	-85.125114	-91.146459	-94.593384	34.700415	35.942029	75.355561	
105	37.884177	-67.130884	-39.575285	-17.226672	83.582575	-82.870884	50.919607	-24.187696	-75.560488	91.056560	59.564875	18.952012	0.121312	74.874621	-37.706916	-91.170968	-97.570837	62.913425	3.515208	59.236613	-86.645798	-4.363708	-1.650182	46.293979	-85.125114	-91.146459	-94.593384	34.700415	35.942029	75.355561	
120	-20.810700	98.425518	78.105810	86.412059	-60.682234	-68.747952	17.330973	-57.898174	85.082126	22.002621	-79.625752	-24.706759	99.323716	-40.513355	-65.366101	46.297034	6.912799	50.184366	61.282622	59.812946	-77.138851	-97.648613	73.195862	-52.564485	3.187746	-12.625527	-86.817340	-88.227568	-96.911448	96.487398	
135	-20.810700	98.425518	78.105810	86.412059	-60.682234	-68.747952	17.330973	-57.898174	85.082126	22.002621	-79.625752	-24.706759	99.323716	-40.513355	-65.366101	46.297034	6.912799	50.184366	61.282622	59.812946	-77.138851	-97.648613	73.195862	-52.564485	3.187746	-12.625527	-86.817340	-88.227568	-96.911448	96.487398	
150	98.254904	-69.116483	13.652960	77.631847	3.659792	-56.591507	50.216135	-52.453912	-63.088836	58.688853	-50.619940	7.299839	70.881226	-74.816171	83.149076	91.913715	-94.780527	42.566874	-26.684363	-58.642622	11.600477	-96.845639	15.698172	-1.155616	-26.555568	79.703598	-89.929652	-45.870884	-75.608446	61.902358	
300	-99.527341	-31.795730	81.774765	-76.488315	-43.973622	36.657111	69.310113	-92.204048	92.706374	21.851531	29.687060	-72.264878	72.482572	-53.023248	-20.491081	58.600984	33.837035	-67.819260	-47.764394	20.542440	-88.009287	-36.847891	85.732186	-83.214123	-34.051266	54.743174	64.228805	13.233803	-84.748505	63.644652	
450	-99.527341	-31.795730	81.774765	-76.488315	-43.973622	36.657111	69.310113	-92.204048	92.706374	21.851531	29.687060	-72.264878	72.482572	-53.023248	-20.491081	58.600984	33.837035	-67.819260	-47.764394	20.542440	-88.009287	-36.847891	85.732186	-83.214123	-34.051266	54.743174	64.228805	13.233803	-84.748505	63.644652	
600	-13.890230	-16.958494	-44.135574	47.014112	-85.679687	-0.718880	-66.130652	44.778222	-31.823433	-59.994179	94.969723	-16.257772	-34.832924	15.403257	-84.896567	11.106595	44.197707	-8.760062	27.266748	29.865346	52.201926	1.875142	4.575895	-45.747895	89.627100	-50.295151	-7.172220	21.163764	20.371322	-81.348693	
750	64.137622	-68.765212	-63.235591	29.005281	35.274886	-2.103019	-71.994799	87.376201	-50.894539	-36.891390	-95.853966	85.929208	-22.347534	-25.990057	77.977091	-76.206081	-83.981768	83.157192	90.451290	-17.969822	11.219613	21.137339	-20.183269	30.287345	-46.564371	-54.043532	20.840735	-2.677546	-12.532872	-10.998028	
900	64.137622	-68.765212	-63.235591	29.005281	35.274886	-2.103019	-71.994799	87.376201	-50.894539	-36.891390	-95.853966	85.929208	-22.347534	-25.990057	77.977091	-76.206081	-83.981768	83.157192	90.451290	-17.969822	11.219613	21.137339	-20.183269	30.287345	-46.564371	-54.043532	20.840735	-2.677546	-12.532872	-10.998028	
1050	-57.516691	-31.824869	90.927956	14.125908	7.976827	-94.378425	6.742595	90.823252	87.259347	62.686918	10.895746	10.939999	27.210157	86.996273	-1.664655	-34.008492	-86.826936	16.468807	-2.789039	-44.669437	22.276822	-57.670832	-95.843398	-40.606169	-62.689867	98.167598	4.001628	-76.918642	3.997114	69.115732	
1200	-84.391072	-67.029242	61.286889	-89.153592	-58.074833	-13.456710	-92.870789	20.624373	86.434140	64.319728	3.848358	61.253047	-4.976226	13.170781	88.689883	-19.707124	3.429540	87.382580	-32.263188	-8.978945	43.890827	92.478368	-19.371836	-60.103791	44.298781	-36.636004	28.994132	-36.207300	28.605682	-91.535521	
1350	-84.391072	-67.029242	61.286889	-89.153592	-58.074833	-13.456710	-92.870789	20.624373	86.434140	64.319728	3.848358	61.253047	-4.976226	13.170781	88.689883	-19.707124	3.429540	87.382580	-32.263188	-8.978945	43.890827	92.478368	-19.371836	-60.103791	44.298781	-36.636004	28.994132	-36.207300	28.605682	-91.535521	
1500	29.336498	-31.016366	62.333391	41.263993	86.643338	-36.212361	63.594513	6.584081	-10.620627	-66.467447	14.521917	45.011206	-55.005182	93.240943	-73.670686	-61.984352	18.318885	-54.767034	-44.195267	10.116533	-70.579051	67.017033	23.519660	14.590271	90.779204	70.312638	16.329495	13.897837	-74.605732	10.239516	
