%count	x
15	-9.961903	81.083101	18.453789	34.200779	91.388385	-57.356735	-31.001948	-51.743827	-64.746477	80.768786	67.365452	7.406253	-13.854427	12.532167	-16.353967	49.280595	10.022036	15.896091	40.772904	-28.535204	-31.411119	-35.682639	-73.008767	-10.315385	-84.462883	16.983778	-67.512836	-0.764671	-23.105916	68.009391	
30	-9.961903	81.083101	18.453789	34.200779	91.388385	-57.356735	-31.001948	-51.743827	-64.746477	80.768786	67.365452	7.406253	-13.854427	12.532167	-16.353967	49.280595	10.022036	15.896091	40.772904	-28.535204	-31.411119	-35.682639	-73.008767	-10.315385	-84.462883	16.983778	-67.512836	-0.764671	-23.105916	68.009391	
45	-9.961903	81.083101	18.453789	34.200779	91.388385	-57.356735	-31.001948	-51.743827	-64.746477	80.768786	67.365452	7.406253	-13.854427	12.532167	-16.353967	49.280595	10.022036	15.896091	40.772904	-28.535204	-31.411119	-35.682639	-73.008767	-10.315385	-84.462883	16.983778	-67.512836	-0.764671	-23.105916	68.009391	
60	-9.961903	81.083101	18.453789	34.200779	91.388385	-57.356735	-31.001948	-51.743827	-64.746477	80.768786	67.365452	7.406253	-13.854427	12.532167	-16.353967	49.280595	10.022036	15.896091	40.772904	-28.535204	-31.411119	-35.682639	-73.008767	-10.315385	-84.462883	16.983778	-67.512836	-0.764671	-23.105916	68.009391	
75	-9.961903	81.083101	18.453789	34.200779	91.388385	-57.356735	-31.001948	-51.743827	-64.746477	80.768786	67.365452	7.406253	-13.854427	12.532167	-16.353967	49.280595	10.022036	15.896091	40.772904	-28.535204	-31.411119	-35.682639	-73.008767	-10.315385	-84.462883	16.983778	-67.512836	-0.764671	-23.105916	68.009391	
90	-1.041356	12.407305	-58.687235	77.919618	16.443319	54.927202	82.574683	-29.848211	-65.760837	8.188080	27.327370	27.193159	-91.494932	77.674654	85.261686	-32.301297	27.556540	-21.852176	73.068238	-4.499423	30.435572	79.038258	0.337697	-27.969030	-29.063819	-92.641413	54.631294	2.961928	39.370010	-57.762449	
105	-1.041356	12.407305	-58.687235	77.919618	16.443319	54.927202	82.574683	-29.848211	-65.760837	8.188080	27.327370	27.193159	-91.494932	77.674654	85.261686	-32.301297	27.556540	-21.852176	73.068238	-4.499423	30.435572	79.038258	0.337697	-27.969030	-29.063819	-92.641413	54.631294	2.961928	39.370010	-57.762449	
120	-1.041356	12.407305	-58.687235	77.919618	16.443319	54.927202	82.574683	-29.848211	-65.760837	8.188080	27.327370	27.193159	-91.494932	77.674654	85.261686	-32.301297	27.556540	-21.852176	73.068238	-4.499423	30.435572	79.038258	0.337697	-27.969030	-29.063819	-92.641413	54.631294	2.961928	39.370010	-57.762449	
135	-1.041356	12.407305	-58.687235	77.919618	16.443319	54.927202	82.574683	-29.848211	-65.760837	8.188080	27.327370	27.193159	-91.494932	77.674654	85.261686	-32.301297	27.556540	-21.852176	73.068238	-4.499423	30.435572	79.038258	0.337697	-27.969030	-29.063819	-92.641413	54.631294	2.961928	39.370010	-57.762449	
150	-1.041356	12.407305	-58.687235	77.919618	16.443319	54.927202	82.574683	-29.848211	-65.760837	8.188080	27.327370	27.193159	-91.494932	77.674654	85.261686	-32.301297	27.556540	-21.852176	73.068238	-4.499423	30.435572	79.038258	0.337697	-27.969030	-29.063819	-92.641413	54.631294	2.961928	39.370010	-57.762449	
300	-1.041356	12.407305	-58.687235	77.919618	16.443319	54.927202	82.574683	-29.848211	-65.760837	8.188080	27.327370	27.193159	-91.494932	77.674654	85.261686	-32.301297	27.556540	-21.852176	73.068238	-4.499423	30.435572	79.038258	0.337697	-27.969030	-29.063819	-92.641413	54.631294	2.961928	39.370010	-57.762449	
450	-1.041356	12.407305	-58.687235	77.919618	16.443319	54.927202	82.574683	-29.848211	-65.760837	8.188080	27.327370	27.193159	-91.494932	77.674654	85.261686	-32.301297	27.556540	-21.852176	73.068238	-4.499423	30.435572	79.038258	0.337697	-27.969030	-29.063819	-92.641413	54.631294	2.961928	39.370010	-57.762449	
600	-1.041356	12.407305	-58.687235	77.919618	16.443319	54.927202	82.574683	-29.848211	-65.760837	8.188080	27.327370	27.193159	-91.494932	77.674654	85.261686	-32.301297	27.556540	-21.852176	73.068238	-4.499423	30.435572	79.038258	0.337697	-27.969030	-29.063819	-92.641413	54.631294	2.961928	39.370010	-57.762449	
750	-1.041356	12.407305	-58.687235	77.919618	16.443319	54.927202	82.574683	-29.848211	-65.760837	8.188080	27.327370	27.193159	-91.494932	77.674654	85.261686	-32.301297	27.556540	-21.852176	73.068238	-4.499423	30.435572	79.038258	0.337697	-27.969030	-29.063819	-92.641413	54.631294	2.961928	39.370010	-57.762449	
900	-1.041356	12.407305	-58.687235	77.919618	16.443319	54.927202	82.574683	-29.848211	-65.760837	8.188080	27.327370	27.193159	-91.494932	77.674654	85.261686	-32.301297	27.556540	-21.852176	73.068238	-4.499423	30.435572	79.038258	0.337697	-27.969030	-29.063819	-92.641413	54.631294	2.961928	39.370010	-57.762449	
1050	90.712681	70.927236	79.760101	-6.802159	-8.482177	-14.431684	54.628133	71.376084	-36.452417	38.635730	-73.502492	25.341521	-90.477062	84.588337	94.212744	0.575337	-40.589447	76.823442	57.190799	23.656125	90.308734	52.234040	-51.663562	83.494275	-9.840134	50.398922	42.798315	50.332110	-34.363699	-36.134773	
1200	-81.103772	-12.249331	9.340797	41.255038	-88.954736	-17.100419	0.100409	78.499350	0.933283	57.767625	33.738179	39.711637	50.663537	64.458839	7.859234	18.971980	67.801124	87.676646	53.206358	-9.062484	-88.099780	48.499134	-91.432848	3.705548	-39.023399	23.367644	-65.052765	-3.939847	-25.403790	-24.084241	
1350	-16.205392	66.822327	-31.727482	85.542940	-0.686096	9.749029	-30.336486	-9.355414	-35.092334	0.055069	-1.414002	-38.943562	-65.760825	5.039445	91.313923	-38.335687	55.411435	47.113462	11.886872	64.890810	-4.091162	95.509245	-64.675723	15.507212	-31.371157	35.089061	9.952788	79.040731	-3.735468	-19.248008	
1500	-16.205392	66.822327	-31.727482	85.542940	-0.686096	9.749029	-30.336486	-9.355414	-35.092334	0.055069	-1.414002	-38.943562	-65.760825	5.039445	91.313923	-38.335687	55.411435	47.113462	11.886872	64.890810	-4.091162	95.509245	-64.675723	15.507212	-31.371157	35.089061	9.952788	79.040731	-3.735468	-19.248008	
