%count	x
15	-18.417274	0.332204	60.457532	-89.365256	60.632105	9.122821	29.376758	-84.886083	74.057992	5.857297	82.778153	34.366259	-82.835114	-54.178958	-19.200297	-92.688225	15.593426	25.190867	62.138008	-64.758493	-56.472834	-3.007655	48.570831	95.136967	-49.419015	32.693025	83.439146	86.971019	-73.673503	-51.755631	
30	-32.795886	99.871908	-43.464685	22.260480	-37.753181	-70.308131	94.433522	15.210377	-14.059248	-16.374053	-24.507970	44.213842	-75.785717	44.651512	-25.640948	-26.076881	25.496001	29.129735	48.107362	-16.899512	-60.530560	-17.633993	18.760152	19.478820	79.731231	79.426166	71.440414	-53.169591	82.052095	67.406339	
45	-32.795886	99.871908	-43.464685	22.260480	-37.753181	-70.308131	94.433522	15.210377	-14.059248	-16.374053	-24.507970	44.213842	-75.785717	44.651512	-25.640948	-26.076881	25.496001	29.129735	48.107362	-16.899512	-60.530560	-17.633993	18.760152	19.478820	79.731231	79.426166	71.440414	-53.169591	82.052095	67.406339	
60	-32.795886	99.871908	-43.464685	22.260480	-37.753181	-70.308131	94.433522	15.210377	-14.059248	-16.374053	-24.507970	44.213842	-75.785717	44.651512	-25.640948	-26.076881	25.496001	29.129735	48.107362	-16.899512	-60.530560	-17.633993	18.760152	19.478820	79.731231	79.426166	71.440414	-53.169591	82.052095	67.406339	
75	69.750706	-0.929165	16.159286	64.916800	-82.896372	-86.038031	-2.079983	-83.697274	-70.108774	-35.854550	-42.683307	-22.064537	-84.438832	-75.336796	-85.994938	-61.311449	38.498759	-92.332842	-55.204013	-76.837421	26.411722	-28.879395	16.800328	21.962756	18.060323	97.734413	-45.384267	17.437196	-40.840574	-31.294921	
90	69.750706	-0.929165	16.159286	64.916800	-82.896372	-86.038031	-2.079983	-83.697274	-70.108774	-35.854550	-42.683307	-22.064537	-84.438832	-75.336796	-85.994938	-61.311449	38.498759	-92.332842	-55.204013	-76.837421	26.411722	-28.879395	16.800328	21.962756	18.060323	97.734413	-45.384267	17.437196	-40.840574	-31.294921	
105	69.750706	-0.929165	16.159286	64.916800	-82.896372	-86.038031	-2.079983	-83.697274	-70.108774	-35.854550	-42.683307	-22.064537	-84.438832	-75.336796	-85.994938	-61.311449	38.498759	-92.332842	-55.204013	-76.837421	26.411722	-28.879395	16.800328	21.962756	18.060323	97.734413	-45.384267	17.437196	-40.840574	-31.294921	
120	69.750706	-0.929165	16.159286	64.916800	-82.896372	-86.038031	-2.079983	-83.697274	-70.108774	-35.854550	-42.683307	-22.064537	-84.438832	-75.336796	-85.994938	-61.311449	38.498759	-92.332842	-55.204013	-76.837421	26.411722	-28.879395	16.800328	21.962756	18.060323	97.734413	-45.384267	17.437196	-40.840574	-31.294921	
135	69.750706	-0.929165	16.159286	64.916800	-82.896372	-86.038031	-2.079983	-83.697274	-70.108774	-35.854550	-42.683307	-22.064537	-84.438832	-75.336796	-85.994938	-61.311449	38.498759	-92.332842	-55.204013	-76.837421	26.411722	-28.879395	16.800328	21.962756	18.060323	97.734413	-45.384267	17.437196	-40.840574	-31.294921	
150	69.750706	-0.929165	16.159286	64.916800	-82.896372	-86.038031	-2.079983	-83.697274	-70.108774	-35.854550	-42.683307	-22.064537	-84.438832	-75.336796	-85.994938	-61.311449	38.498759	-92.332842	-55.204013	-76.837421	26.411722	-28.879395	16.800328	21.962756	18.060323	97.734413	-45.384267	17.437196	-40.840574	-31.294921	
300	69.750706	-0.929165	16.159286	64.916800	-82.896372	-86.038031	-2.079983	-83.697274	-70.108774	-35.854550	-42.683307	-22.064537	-84.438832	-75.336796	-85.994938	-61.311449	38.498759	-92.332842	-55.204013	-76.837421	26.411722	-28.879395	16.800328	21.962756	18.060323	97.734413	-45.384267	17.437196	-40.840574	-31.294921	
450	53.867163	44.074942	-77.457914	33.547907	-55.483509	31.185314	89.265417	-74.536703	-64.581824	-15.893747	82.707957	-79.577376	-87.854188	88.505176	-67.898660	-89.610478	21.542017	-70.232391	41.590639	-75.120607	-17.626333	-97.754998	-5.870333	83.867811	-44.892987	9.930428	47.685740	-61.721683	-85.677513	-49.381849	
600	53.867163	44.074942	-77.457914	33.547907	-55.483509	31.185314	89.265417	-74.536703	-64.581824	-15.893747	82.707957	-79.577376	-87.854188	88.505176	-67.898660	-89.610478	21.542017	-70.232391	41.590639	-75.120607	-17.626333	-97.754998	-5.870333	83.867811	-44.892987	9.930428	47.685740	-61.721683	-85.677513	-49.381849	
750	74.645031	82.873080	-47.802732	-7.487356	-84.102442	-7.108670	-65.437226	-24.863117	-57.315947	-51.740589	91.710890	-70.727337	-44.874560	10.730935	-88.810317	-84.279457	-45.716772	-44.224786	54.385767	-31.412515	-44.412037	65.049494	-58.291554	-71.660780	-42.928492	54.502319	16.988676	5.598770	-52.028846	-22.333697	
900	74.645031	82.873080	-47.802732	-7.487356	-84.102442	-7.108670	-65.437226	-24.863117	-57.315947	-51.740589	91.710890	-70.727337	-44.874560	10.730935	-88.810317	-84.279457	-45.716772	-44.224786	54.385767	-31.412515	-44.412037	65.049494	-58.291554	-71.660780	-42.928492	54.502319	16.988676	5.598770	-52.028846	-22.333697	
1050	74.645031	82.873080	-47.802732	-7.487356	-84.102442	-7.108670	-65.437226	-24.863117	-57.315947	-51.740589	91.710890	-70.727337	-44.874560	10.730935	-88.810317	-84.279457	-45.716772	-44.224786	54.385767	-31.412515	-44.412037	65.049494	-58.291554	-71.660780	-42.928492	54.502319	16.988676	5.598770	-52.028846	-22.333697	
1200	74.645031	82.873080	-47.802732	-7.487356	-84.102442	-7.108670	-65.437226	-24.863117	-57.315947	-51.740589	91.710890	-70.727337	-44.874560	10.730935	-88.810317	-84.279457	-45.716772	-44.224786	54.385767	-31.412515	-44.412037	65.049494	-58.291554	-71.660780	-42.928492	54.502319	16.988676	5.598770	-52.028846	-22.333697	
1350	74.645031	82.873080	-47.802732	-7.487356	-84.102442	-7.108670	-65.437226	-24.863117	-57.315947	-51.740589	91.710890	-70.727337	-44.874560	10.730935	-88.810317	-84.279457	-45.716772	-44.224786	54.385767	-31.412515	-44.412037	65.049494	-58.291554	-71.660780	-42.928492	54.502319	16.988676	5.598770	-52.028846	-22.333697	
1500	74.645031	82.873080	-47.802732	-7.487356	-84.102442	-7.108670	-65.437226	-24.863117	-57.315947	-51.740589	91.710890	-70.727337	-44.874560	10.730935	-88.810317	-84.279457	-45.716772	-44.224786	54.385767	-31.412515	-44.412037	65.049494	-58.291554	-71.660780	-42.928492	54.502319	16.988676	5.598770	-52.028846	-22.333697	
