%count	x
15	-17.357604	-83.055153	94.102203	-51.302411	70.894475	94.372205	-25.382561	48.990070	70.147812	-49.505879	4.106132	53.136397	-65.134375	84.604919	-13.391675	47.320869	80.509413	42.230832	64.020793	-2.448952	-45.046569	80.639078	-10.015173	34.944458	26.151685	33.523828	-95.861000	-23.647994	39.218713	-63.538945	
30	-80.626279	58.047140	63.452269	79.031982	53.127724	-2.960698	27.649734	-8.807614	89.974748	72.353831	-45.172557	88.668989	-81.782052	90.061798	94.443390	1.953537	-27.077538	21.760727	-72.723743	22.690762	-96.446464	54.192255	91.486615	-78.539008	-25.288625	69.603761	-62.916778	-47.295346	16.912339	16.801611	
45	72.646530	-83.805768	94.931467	-7.671538	49.089187	87.839489	-32.423586	25.713016	71.873345	7.307292	47.258734	-68.169791	71.813729	-74.061463	96.310047	35.787700	46.427073	-98.486029	-21.333259	-15.860486	-84.450257	16.837283	79.181139	40.389240	69.696699	-10.932337	-8.224742	79.246243	-98.867994	-42.121859	
60	72.646530	-83.805768	94.931467	-7.671538	49.089187	87.839489	-32.423586	25.713016	71.873345	7.307292	47.258734	-68.169791	71.813729	-74.061463	96.310047	35.787700	46.427073	-98.486029	-21.333259	-15.860486	-84.450257	16.837283	79.181139	40.389240	69.696699	-10.932337	-8.224742	79.246243	-98.867994	-42.121859	
75	72.646530	-83.805768	94.931467	-7.671538	49.089187	87.839489	-32.423586	25.713016	71.873345	7.307292	47.258734	-68.169791	71.813729	-74.061463	96.310047	35.787700	46.427073	-98.486029	-21.333259	-15.860486	-84.450257	16.837283	79.181139	40.389240	69.696699	-10.932337	-8.224742	79.246243	-98.867994	-42.121859	
90	-46.842365	-73.851636	45.765322	-5.788148	-24.775818	-23.742990	-93.625973	80.999560	39.686680	-34.987310	-93.572519	39.696674	56.511588	99.421418	-34.761413	58.192737	5.539891	-6.349946	24.044622	59.648258	-17.531747	57.755021	50.606011	-47.922419	25.434698	59.793351	-94.089835	-2.963166	70.423370	-37.348268	
105	-46.842365	-73.851636	45.765322	-5.788148	-24.775818	-23.742990	-93.625973	80.999560	39.686680	-34.987310	-93.572519	39.696674	56.511588	99.421418	-34.761413	58.192737	5.539891	-6.349946	24.044622	59.648258	-17.531747	57.755021	50.606011	-47.922419	25.434698	59.793351	-94.089835	-2.963166	70.423370	-37.348268	
120	-46.842365	-73.851636	45.765322	-5.788148	-24.775818	-23.742990	-93.625973	80.999560	39.686680	-34.987310	-93.572519	39.696674	56.511588	99.421418	-34.761413	58.192737	5.539891	-6.349946	24.044622	59.648258	-17.531747	57.755021	50.606011	-47.922419	25.434698	59.793351	-94.089835	-2.963166	70.423370	-37.348268	
135	-46.842365	-73.851636	45.765322	-5.788148	-24.775818	-23.742990	-93.625973	80.999560	39.686680	-34.987310	-93.572519	39.696674	56.511588	99.421418	-34.761413	58.192737	5.539891	-6.349946	24.044622	59.648258	-17.531747	57.755021	50.606011	-47.922419	25.434698	59.793351	-94.089835	-2.963166	70.423370	-37.348268	
150	-46.842365	-73.851636	45.765322	-5.788148	-24.775818	-23.742990	-93.625973	80.999560	39.686680	-34.987310	-93.572519	39.696674	56.511588	99.421418	-34.761413	58.192737	5.539891	-6.349946	24.044622	59.648258	-17.531747	57.755021	50.606011	-47.922419	25.434698	59.793351	-94.089835	-2.963166	70.423370	-37.348268	
300	90.400858	-82.755143	70.139722	36.472993	48.637440	-91.021065	-99.303946	-64.789851	36.431726	-6.054469	-98.097974	-9.042202	-22.418690	14.749804	57.686990	-25.245728	62.719716	-63.777296	2.061551	1.354466	-35.291625	-44.973027	1.155175	44.674683	36.479881	13.157124	-16.940275	62.439982	51.553027	4.085636	
450	90.400858	-82.755143	70.139722	36.472993	48.637440	-91.021065	-99.303946	-64.789851	36.431726	-6.054469	-98.097974	-9.042202	-22.418690	14.749804	57.686990	-25.245728	62.719716	-63.777296	2.061551	1.354466	-35.291625	-44.973027	1.155175	44.674683	36.479881	13.157124	-16.940275	62.439982	51.553027	4.085636	
600	90.400858	-82.755143	70.139722	36.472993	48.637440	-91.021065	-99.303946	-64.789851	36.431726	-6.054469	-98.097974	-9.042202	-22.418690	14.749804	57.686990	-25.245728	62.719716	-63.777296	2.061551	1.354466	-35.291625	-44.973027	1.155175	44.674683	36.479881	13.157124	-16.940275	62.439982	51.553027	4.085636	
750	90.400858	-82.755143	70.139722	36.472993	48.637440	-91.021065	-99.303946	-64.789851	36.431726	-6.054469	-98.097974	-9.042202	-22.418690	14.749804	57.686990	-25.245728	62.719716	-63.777296	2.061551	1.354466	-35.291625	-44.973027	1.155175	44.674683	36.479881	13.157124	-16.940275	62.439982	51.553027	4.085636	
900	90.400858	-82.755143	70.139722	36.472993	48.637440	-91.021065	-99.303946	-64.789851	36.431726	-6.054469	-98.097974	-9.042202	-22.418690	14.749804	57.686990	-25.245728	62.719716	-63.777296	2.061551	1.354466	-35.291625	-44.973027	1.155175	44.674683	36.479881	13.157124	-16.940275	62.439982	51.553027	4.085636	
1050	24.084115	91.721035	56.421487	46.861468	68.125346	-79.950770	-30.558880	-32.483153	-39.256572	52.094217	-68.598479	48.510227	78.393159	31.410412	97.011275	32.409422	47.371097	-25.541382	-3.276365	-19.327639	3.556807	-92.949107	83.485382	-3.685493	73.857085	-0.252357	-70.690962	27.422625	-59.920720	20.340087	
1200	24.084115	91.721035	56.421487	46.861468	68.125346	-79.950770	-30.558880	-32.483153	-39.256572	52.094217	-68.598479	48.510227	78.393159	31.410412	97.011275	32.409422	47.371097	-25.541382	-3.276365	-19.327639	3.556807	-92.949107	83.485382	-3.685493	73.857085	-0.252357	-70.690962	27.422625	-59.920720	20.340087	
1350	24.084115	91.721035	56.421487	46.861468	68.125346	-79.950770	-30.558880	-32.483153	-39.256572	52.094217	-68.598479	48.510227	78.393159	31.410412	97.011275	32.409422	47.371097	-25.541382	-3.276365	-19.327639	3.556807	-92.949107	83.485382	-3.685493	73.857085	-0.252357	-70.690962	27.422625	-59.920720	20.340087	
1500	24.084115	91.721035	56.421487	46.861468	68.125346	-79.950770	-30.558880	-32.483153	-39.256572	52.094217	-68.598479	48.510227	78.393159	31.410412	97.011275	32.409422	47.371097	-25.541382	-3.276365	-19.327639	3.556807	-92.949107	83.485382	-3.685493	73.857085	-0.252357	-70.690962	27.422625	-59.920720	20.340087	
