%count	x
15	-4.928443	40.799601	20.666440	-56.019440	57.973660	-41.673947	-68.961433	74.816799	28.907545	-90.303981	-29.296766	-55.055933	1.969064	95.557996	-55.158130	38.586653	31.110294	41.856952	-7.596591	-94.473553	-66.676656	98.330897	10.716023	-94.020853	-81.117384	-77.804361	61.537750	-45.789120	-12.880135	-38.066263	
30	-4.928443	40.799601	20.666440	-56.019440	57.973660	-41.673947	-68.961433	74.816799	28.907545	-90.303981	-29.296766	-55.055933	1.969064	95.557996	-55.158130	38.586653	31.110294	41.856952	-7.596591	-94.473553	-66.676656	98.330897	10.716023	-94.020853	-81.117384	-77.804361	61.537750	-45.789120	-12.880135	-38.066263	
45	-4.928443	40.799601	20.666440	-56.019440	57.973660	-41.673947	-68.961433	74.816799	28.907545	-90.303981	-29.296766	-55.055933	1.969064	95.557996	-55.158130	38.586653	31.110294	41.856952	-7.596591	-94.473553	-66.676656	98.330897	10.716023	-94.020853	-81.117384	-77.804361	61.537750	-45.789120	-12.880135	-38.066263	
60	-4.928443	40.799601	20.666440	-56.019440	57.973660	-41.673947	-68.961433	74.816799	28.907545	-90.303981	-29.296766	-55.055933	1.969064	95.557996	-55.158130	38.586653	31.110294	41.856952	-7.596591	-94.473553	-66.676656	98.330897	10.716023	-94.020853	-81.117384	-77.804361	61.537750	-45.789120	-12.880135	-38.066263	
75	-4.928443	40.799601	20.666440	-56.019440	57.973660	-41.673947	-68.961433	74.816799	28.907545	-90.303981	-29.296766	-55.055933	1.969064	95.557996	-55.158130	38.586653	31.110294	41.856952	-7.596591	-94.473553	-66.676656	98.330897	10.716023	-94.020853	-81.117384	-77.804361	61.537750	-45.789120	-12.880135	-38.066263	
90	-4.928443	40.799601	20.666440	-56.019440	57.973660	-41.673947	-68.961433	74.816799	28.907545	-90.303981	-29.296766	-55.055933	1.969064	95.557996	-55.158130	38.586653	31.110294	41.856952	-7.596591	-94.473553	-66.676656	98.330897	10.716023	-94.020853	-81.117384	-77.804361	61.537750	-45.789120	-12.880135	-38.066263	
105	-4.928443	40.799601	20.666440	-56.019440	57.973660	-41.673947	-68.961433	74.816799	28.907545	-90.303981	-29.296766	-55.055933	1.969064	95.557996	-55.158130	38.586653	31.110294	41.856952	-7.596591	-94.473553	-66.676656	98.330897	10.716023	-94.020853	-81.117384	-77.804361	61.537750	-45.789120	-12.880135	-38.066263	
120	-4.928443	40.799601	20.666440	-56.019440	57.973660	-41.673947	-68.961433	74.816799	28.907545	-90.303981	-29.296766	-55.055933	1.969064	95.557996	-55.158130	38.586653	31.110294	41.856952	-7.596591	-94.473553	-66.676656	98.330897	10.716023	-94.020853	-81.117384	-77.804361	61.537750	-45.789120	-12.880135	-38.066263	
135	-4.928443	40.799601	20.666440	-56.019440	57.973660	-41.673947	-68.961433	74.816799	28.907545	-90.303981	-29.296766	-55.055933	1.969064	95.557996	-55.158130	38.586653	31.110294	41.856952	-7.596591	-94.473553	-66.676656	98.330897	10.716023	-94.020853	-81.117384	-77.804361	61.537750	-45.789120	-12.880135	-38.066263	
150	-4.928443	40.799601	20.666440	-56.019440	57.973660	-41.673947	-68.961433	74.816799	28.907545	-90.303981	-29.296766	-55.055933	1.969064	95.557996	-55.158130	38.586653	31.110294	41.856952	-7.596591	-94.473553	-66.676656	98.330897	10.716023	-94.020853	-81.117384	-77.804361	61.537750	-45.789120	-12.880135	-38.066263	
300	-82.778323	-7.959734	-72.224864	7.867387	-69.699475	-71.530088	-55.315451	-50.669669	45.468693	-89.012338	39.694971	-25.031133	-13.624135	-24.502164	-54.987587	-55.915557	66.749871	-72.202123	-47.049552	26.588917	72.480465	45.445794	-33.654142	-6.428567	-68.151032	-74.628087	82.691772	96.119805	-19.758936	-51.720467	
450	-37.554468	36.775452	97.854642	50.743372	-68.641118	54.433478	9.691355	-98.707050	-1.614624	18.819690	-74.571686	12.203263	2.927620	68.177971	-69.692792	27.353483	-46.502134	-14.700534	96.483593	14.550759	5.642034	-28.200001	-81.428647	-14.762398	95.235579	17.582311	-17.512779	-15.950860	49.051540	-25.602674	
600	-37.554468	36.775452	97.854642	50.743372	-68.641118	54.433478	9.691355	-98.707050	-1.614624	18.819690	-74.571686	12.203263	2.927620	68.177971	-69.692792	27.353483	-46.502134	-14.700534	96.483593	14.550759	5.642034	-28.200001	-81.428647	-14.762398	95.235579	17.582311	-17.512779	-15.950860	49.051540	-25.602674	
750	-37.554468	36.775452	97.854642	50.743372	-68.641118	54.433478	9.691355	-98.707050	-1.614624	18.819690	-74.571686	12.203263	2.927620	68.177971	-69.692792	27.353483	-46.502134	-14.700534	96.483593	14.550759	5.642034	-28.200001	-81.428647	-14.762398	95.235579	17.582311	-17.512779	-15.950860	49.051540	-25.602674	
900	-37.554468	36.775452	97.854642	50.743372	-68.641118	54.433478	9.691355	-98.707050	-1.614624	18.819690	-74.571686	12.203263	2.927620	68.177971	-69.692792	27.353483	-46.502134	-14.700534	96.483593	14.550759	5.642034	-28.200001	-81.428647	-14.762398	95.235579	17.582311	-17.512779	-15.950860	49.051540	-25.602674	
1050	-37.554468	36.775452	97.854642	50.743372	-68.641118	54.433478	9.691355	-98.707050	-1.614624	18.819690	-74.571686	12.203263	2.927620	68.177971	-69.692792	27.353483	-46.502134	-14.700534	96.483593	14.550759	5.642034	-28.200001	-81.428647	-14.762398	95.235579	17.582311	-17.512779	-15.950860	49.051540	-25.602674	
1200	-38.417861	-58.983681	-43.195817	2.212332	-90.676819	-60.881559	-83.530428	-49.941701	-41.211766	-53.960187	46.463272	-2.289440	74.037111	-22.864771	65.839747	-64.724900	-6.324350	63.392150	-32.127131	34.311447	-92.796980	45.508277	25.175079	54.639069	68.354162	73.006888	92.600117	-87.344215	55.901675	-55.146300	
1350	-38.417861	-58.983681	-43.195817	2.212332	-90.676819	-60.881559	-83.530428	-49.941701	-41.211766	-53.960187	46.463272	-2.289440	74.037111	-22.864771	65.839747	-64.724900	-6.324350	63.392150	-32.127131	34.311447	-92.796980	45.508277	25.175079	54.639069	68.354162	73.006888	92.600117	-87.344215	55.901675	-55.146300	
1500	-38.417861	-58.983681	-43.195817	2.212332	-90.676819	-60.881559	-83.530428	-49.941701	-41.211766	-53.960187	46.463272	-2.289440	74.037111	-22.864771	65.839747	-64.724900	-6.324350	63.392150	-32.127131	34.311447	-92.796980	45.508277	25.175079	54.639069	68.354162	73.006888	92.600117	-87.344215	55.901675	-55.146300	
