%count	x
15	21.063311	-39.811701	-41.942837	71.309286	34.144484	67.451303	78.285617	96.443533	-21.984817	-26.743100	-52.912691	-61.160651	-47.038138	-53.513572	-16.312021	-41.348170	-84.075409	-73.700169	-26.338676	-17.343470	4.781163	-84.663343	34.402408	-3.478336	12.247637	-2.589731	8.113516	-49.265907	-94.870518	-81.312572	
30	21.063311	-39.811701	-41.942837	71.309286	34.144484	67.451303	78.285617	96.443533	-21.984817	-26.743100	-52.912691	-61.160651	-47.038138	-53.513572	-16.312021	-41.348170	-84.075409	-73.700169	-26.338676	-17.343470	4.781163	-84.663343	34.402408	-3.478336	12.247637	-2.589731	8.113516	-49.265907	-94.870518	-81.312572	
45	21.063311	-39.811701	-41.942837	71.309286	34.144484	67.451303	78.285617	96.443533	-21.984817	-26.743100	-52.912691	-61.160651	-47.038138	-53.513572	-16.312021	-41.348170	-84.075409	-73.700169	-26.338676	-17.343470	4.781163	-84.663343	34.402408	-3.478336	12.247637	-2.589731	8.113516	-49.265907	-94.870518	-81.312572	
60	21.063311	-39.811701	-41.942837	71.309286	34.144484	67.451303	78.285617	96.443533	-21.984817	-26.743100	-52.912691	-61.160651	-47.038138	-53.513572	-16.312021	-41.348170	-84.075409	-73.700169	-26.338676	-17.343470	4.781163	-84.663343	34.402408	-3.478336	12.247637	-2.589731	8.113516	-49.265907	-94.870518	-81.312572	
75	21.063311	-39.811701	-41.942837	71.309286	34.144484	67.451303	78.285617	96.443533	-21.984817	-26.743100	-52.912691	-61.160651	-47.038138	-53.513572	-16.312021	-41.348170	-84.075409	-73.700169	-26.338676	-17.343470	4.781163	-84.663343	34.402408	-3.478336	12.247637	-2.589731	8.113516	-49.265907	-94.870518	-81.312572	
90	21.063311	-39.811701	-41.942837	71.309286	34.144484	67.451303	78.285617	96.443533	-21.984817	-26.743100	-52.912691	-61.160651	-47.038138	-53.513572	-16.312021	-41.348170	-84.075409	-73.700169	-26.338676	-17.343470	4.781163	-84.663343	34.402408	-3.478336	12.247637	-2.589731	8.113516	-49.265907	-94.870518	-81.312572	
105	21.063311	-39.811701	-41.942837	71.309286	34.144484	67.451303	78.285617	96.443533	-21.984817	-26.743100	-52.912691	-61.160651	-47.038138	-53.513572	-16.312021	-41.348170	-84.075409	-73.700169	-26.338676	-17.343470	4.781163	-84.663343	34.402408	-3.478336	12.247637	-2.589731	8.113516	-49.265907	-94.870518	-81.312572	
120	21.063311	-39.811701	-41.942837	71.309286	34.144484	67.451303	78.285617	96.443533	-21.984817	-26.743100	-52.912691	-61.160651	-47.038138	-53.513572	-16.312021	-41.348170	-84.075409	-73.700169	-26.338676	-17.343470	4.781163	-84.663343	34.402408	-3.478336	12.247637	-2.589731	8.113516	-49.265907	-94.870518	-81.312572	
135	21.063311	-39.811701	-41.942837	71.309286	34.144484	67.451303	78.285617	96.443533	-21.984817	-26.743100	-52.912691	-61.160651	-47.038138	-53.513572	-16.312021	-41.348170	-84.075409	-73.700169	-26.338676	-17.343470	4.781163	-84.663343	34.402408	-3.478336	12.247637	-2.589731	8.113516	-49.265907	-94.870518	-81.312572	
150	81.706440	65.212163	69.954701	-65.065475	9.866859	74.045041	35.623428	4.119128	51.184221	89.232515	98.194167	-70.996695	-77.273563	-47.711069	21.567212	-7.476843	39.815951	99.925578	37.870775	1.513041	32.507924	18.906284	45.080861	-57.417138	3.331693	50.653843	11.329301	-99.393754	-37.809673	-34.813725	
300	81.706440	65.212163	69.954701	-65.065475	9.866859	74.045041	35.623428	4.119128	51.184221	89.232515	98.194167	-70.996695	-77.273563	-47.711069	21.567212	-7.476843	39.815951	99.925578	37.870775	1.513041	32.507924	18.906284	45.080861	-57.417138	3.331693	50.653843	11.329301	-99.393754	-37.809673	-34.813725	
450	81.706440	65.212163	69.954701	-65.065475	9.866859	74.045041	35.623428	4.119128	51.184221	89.232515	98.194167	-70.996695	-77.273563	-47.711069	21.567212	-7.476843	39.815951	99.925578	37.870775	1.513041	32.507924	18.906284	45.080861	-57.417138	3.331693	50.653843	11.329301	-99.393754	-37.809673	-34.813725	
600	81.706440	65.212163	69.954701	-65.065475	9.866859	74.045041	35.623428	4.119128	51.184221	89.232515	98.194167	-70.996695	-77.273563	-47.711069	21.567212	-7.476843	39.815951	99.925578	37.870775	1.513041	32.507924	18.906284	45.080861	-57.417138	3.331693	50.653843	11.329301	-99.393754	-37.809673	-34.813725	
750	-48.792138	87.539547	-26.134820	76.091041	30.999178	11.364966	-45.264470	74.470583	-51.201856	-25.497931	9.373811	85.757775	-35.137813	-19.585371	69.076418	-7.032403	96.565926	68.189953	-19.874375	85.310095	95.335970	-22.600565	83.002864	-55.046921	-75.292993	-11.639144	-37.960148	-71.228336	-97.735696	-97.415088	
900	-51.190752	65.856704	-35.602443	26.177728	-8.428318	52.130931	-57.164559	-13.616592	-83.181939	-55.949961	29.455533	-59.428779	0.387969	-74.068054	-29.555314	77.322378	-47.302442	-93.710419	-80.389947	95.836929	5.438168	-25.220813	-91.064578	-95.855596	-7.539949	40.989056	-40.895605	-32.342714	-33.567374	-55.429225	
1050	93.482750	43.440129	-21.827612	-6.479240	41.558120	26.295876	-49.735345	88.565911	13.244511	47.588160	14.884883	78.180630	-37.191912	21.054701	-3.301001	-87.209188	-19.114916	7.449273	99.888885	50.044909	6.524609	-2.410736	-19.169879	0.260480	79.717178	87.191469	-16.329322	-78.506690	-63.047851	-46.843717	
1200	93.482750	43.440129	-21.827612	-6.479240	41.558120	26.295876	-49.735345	88.565911	13.244511	47.588160	14.884883	78.180630	-37.191912	21.054701	-3.301001	-87.209188	-19.114916	7.449273	99.888885	50.044909	6.524609	-2.410736	-19.169879	0.260480	79.717178	87.191469	-16.329322	-78.506690	-63.047851	-46.843717	
1350	93.482750	43.440129	-21.827612	-6.479240	41.558120	26.295876	-49.735345	88.565911	13.244511	47.588160	14.884883	78.180630	-37.191912	21.054701	-3.301001	-87.209188	-19.114916	7.449273	99.888885	50.044909	6.524609	-2.410736	-19.169879	0.260480	79.717178	87.191469	-16.329322	-78.506690	-63.047851	-46.843717	
1500	93.482750	43.440129	-21.827612	-6.479240	41.558120	26.295876	-49.735345	88.565911	13.244511	47.588160	14.884883	78.180630	-37.191912	21.054701	-3.301001	-87.209188	-19.114916	7.449273	99.888885	50.044909	6.524609	-2.410736	-19.169879	0.260480	79.717178	87.191469	-16.329322	-78.506690	-63.047851	-46.843717	
