%count	x
15	-12.465810	-16.694268	29.339117	-55.109720	43.295922	-47.894472	-97.198585	44.181549	-61.394307	40.457044	83.794643	-60.089755	-36.079642	8.247478	-2.286013	-92.174402	75.487226	88.574991	33.632340	-53.975559	-87.642561	41.104925	13.984906	90.873432	97.718712	-62.129449	-86.350871	-85.219921	49.166137	-82.814763	
30	-12.465810	-16.694268	29.339117	-55.109720	43.295922	-47.894472	-97.198585	44.181549	-61.394307	40.457044	83.794643	-60.089755	-36.079642	8.247478	-2.286013	-92.174402	75.487226	88.574991	33.632340	-53.975559	-87.642561	41.104925	13.984906	90.873432	97.718712	-62.129449	-86.350871	-85.219921	49.166137	-82.814763	
45	-12.465810	-16.694268	29.339117	-55.109720	43.295922	-47.894472	-97.198585	44.181549	-61.394307	40.457044	83.794643	-60.089755	-36.079642	8.247478	-2.286013	-92.174402	75.487226	88.574991	33.632340	-53.975559	-87.642561	41.104925	13.984906	90.873432	97.718712	-62.129449	-86.350871	-85.219921	49.166137	-82.814763	
60	-12.465810	-16.694268	29.339117	-55.109720	43.295922	-47.894472	-97.198585	44.181549	-61.394307	40.457044	83.794643	-60.089755	-36.079642	8.247478	-2.286013	-92.174402	75.487226	88.574991	33.632340	-53.975559	-87.642561	41.104925	13.984906	90.873432	97.718712	-62.129449	-86.350871	-85.219921	49.166137	-82.814763	
75	40.865013	-34.695505	-84.063374	-94.312939	37.917521	-49.361285	-0.719641	96.210203	-29.392389	-7.382668	26.744484	-3.640407	19.277661	-65.309391	-51.691390	11.947087	40.594609	-89.372372	-32.781361	96.737110	-65.738240	63.502831	7.103213	-6.856181	47.823245	40.743510	-60.002484	72.599459	-29.603652	-97.224283	
90	89.121536	-10.564885	42.162538	18.101445	-91.876675	-23.902113	32.857547	-68.230678	-99.149121	38.106211	-27.915016	26.746886	85.297489	73.481895	-11.501900	8.815745	62.969610	89.918594	83.266054	-37.790557	-3.214755	39.123413	36.508403	2.126801	-47.444662	-20.356335	11.589927	61.687895	54.894646	72.747053	
105	89.121536	-10.564885	42.162538	18.101445	-91.876675	-23.902113	32.857547	-68.230678	-99.149121	38.106211	-27.915016	26.746886	85.297489	73.481895	-11.501900	8.815745	62.969610	89.918594	83.266054	-37.790557	-3.214755	39.123413	36.508403	2.126801	-47.444662	-20.356335	11.589927	61.687895	54.894646	72.747053	
120	89.121536	-10.564885	42.162538	18.101445	-91.876675	-23.902113	32.857547	-68.230678	-99.149121	38.106211	-27.915016	26.746886	85.297489	73.481895	-11.501900	8.815745	62.969610	89.918594	83.266054	-37.790557	-3.214755	39.123413	36.508403	2.126801	-47.444662	-20.356335	11.589927	61.687895	54.894646	72.747053	
135	89.121536	-10.564885	42.162538	18.101445	-91.876675	-23.902113	32.857547	-68.230678	-99.149121	38.106211	-27.915016	26.746886	85.297489	73.481895	-11.501900	8.815745	62.969610	89.918594	83.266054	-37.790557	-3.214755	39.123413	36.508403	2.126801	-47.444662	-20.356335	11.589927	61.687895	54.894646	72.747053	
150	89.121536	-10.564885	42.162538	18.101445	-91.876675	-23.902113	32.857547	-68.230678	-99.149121	38.106211	-27.915016	26.746886	85.297489	73.481895	-11.501900	8.815745	62.969610	89.918594	83.266054	-37.790557	-3.214755	39.123413	36.508403	2.126801	-47.444662	-20.356335	11.589927	61.687895	54.894646	72.747053	
300	16.752141	45.232403	63.309055	-59.679206	-81.723119	40.764377	60.975955	78.766229	78.457992	21.299352	10.841098	3.568542	-0.164526	-11.356773	15.736627	-68.699052	19.541954	-0.540656	-80.415770	99.366574	5.881144	-96.280518	72.370169	-30.076147	-28.280123	-19.863621	-60.466834	2.780029	-30.042641	91.473845	
450	48.173347	-97.307444	4.192975	14.799515	44.728299	-14.168808	-29.527963	-45.052505	-92.623255	16.830857	96.171893	-12.312116	-2.972650	11.947487	11.018754	-10.155523	48.469756	-49.751356	9.602382	80.424507	62.474643	22.228653	-63.793918	39.681063	-36.770036	51.227980	60.738770	19.236501	72.542906	-33.970162	
600	48.173347	-97.307444	4.192975	14.799515	44.728299	-14.168808	-29.527963	-45.052505	-92.623255	16.830857	96.171893	-12.312116	-2.972650	11.947487	11.018754	-10.155523	48.469756	-49.751356	9.602382	80.424507	62.474643	22.228653	-63.793918	39.681063	-36.770036	51.227980	60.738770	19.236501	72.542906	-33.970162	
750	48.173347	-97.307444	4.192975	14.799515	44.728299	-14.168808	-29.527963	-45.052505	-92.623255	16.830857	96.171893	-12.312116	-2.972650	11.947487	11.018754	-10.155523	48.469756	-49.751356	9.602382	80.424507	62.474643	22.228653	-63.793918	39.681063	-36.770036	51.227980	60.738770	19.236501	72.542906	-33.970162	
900	48.173347	-97.307444	4.192975	14.799515	44.728299	-14.168808	-29.527963	-45.052505	-92.623255	16.830857	96.171893	-12.312116	-2.972650	11.947487	11.018754	-10.155523	48.469756	-49.751356	9.602382	80.424507	62.474643	22.228653	-63.793918	39.681063	-36.770036	51.227980	60.738770	19.236501	72.542906	-33.970162	
1050	48.173347	-97.307444	4.192975	14.799515	44.728299	-14.168808	-29.527963	-45.052505	-92.623255	16.830857	96.171893	-12.312116	-2.972650	11.947487	11.018754	-10.155523	48.469756	-49.751356	9.602382	80.424507	62.474643	22.228653	-63.793918	39.681063	-36.770036	51.227980	60.738770	19.236501	72.542906	-33.970162	
1200	5.891829	-58.513050	46.791445	-50.028587	16.547984	48.113416	71.402856	25.943462	8.793962	-92.657734	46.313668	59.356419	78.112505	-20.310077	-6.387618	-67.298007	-6.814540	42.285427	12.625142	-35.594854	99.812733	89.761843	8.389620	-72.227108	-71.611401	-39.268536	11.512829	-15.892675	-71.635696	-61.889448	
1350	5.891829	-58.513050	46.791445	-50.028587	16.547984	48.113416	71.402856	25.943462	8.793962	-92.657734	46.313668	59.356419	78.112505	-20.310077	-6.387618	-67.298007	-6.814540	42.285427	12.625142	-35.594854	99.812733	89.761843	8.389620	-72.227108	-71.611401	-39.268536	11.512829	-15.892675	-71.635696	-61.889448	
1500	5.891829	-58.513050	46.791445	-50.028587	16.547984	48.113416	71.402856	25.943462	8.793962	-92.657734	46.313668	59.356419	78.112505	-20.310077	-6.387618	-67.298007	-6.814540	42.285427	12.625142	-35.594854	99.812733	89.761843	8.389620	-72.227108	-71.611401	-39.268536	11.512829	-15.892675	-71.635696	-61.889448	
