%count	x
15	41.015282	-72.054910	17.226822	81.796665	30.730623	-16.251400	-69.716167	-70.504504	-72.211220	-62.136664	62.516734	52.178440	39.600607	-95.365889	-2.361503	92.588349	67.177383	-64.928260	-1.270710	89.158080	-90.043328	-81.058892	15.978495	4.690252	96.218260	-13.552936	17.462003	4.494361	4.334595	-33.314181	
30	-67.364243	-40.710597	7.692526	-61.990092	17.118281	75.697186	-13.692355	-75.965424	45.669696	-6.422169	-37.039817	-94.707094	13.846413	-41.660640	-22.673244	97.725074	77.435564	-64.470331	44.816138	17.604147	-40.705467	-4.215986	-97.818862	80.985236	-29.611190	12.538859	-57.649021	-1.746383	43.511508	-50.172922	
45	-67.364243	-40.710597	7.692526	-61.990092	17.118281	75.697186	-13.692355	-75.965424	45.669696	-6.422169	-37.039817	-94.707094	13.846413	-41.660640	-22.673244	97.725074	77.435564	-64.470331	44.816138	17.604147	-40.705467	-4.215986	-97.818862	80.985236	-29.611190	12.538859	-57.649021	-1.746383	43.511508	-50.172922	
60	-67.364243	-40.710597	7.692526	-61.990092	17.118281	75.697186	-13.692355	-75.965424	45.669696	-6.422169	-37.039817	-94.707094	13.846413	-41.660640	-22.673244	97.725074	77.435564	-64.470331	44.816138	17.604147	-40.705467	-4.215986	-97.818862	80.985236	-29.611190	12.538859	-57.649021	-1.746383	43.511508	-50.172922	
75	-67.364243	-40.710597	7.692526	-61.990092	17.118281	75.697186	-13.692355	-75.965424	45.669696	-6.422169	-37.039817	-94.707094	13.846413	-41.660640	-22.673244	97.725074	77.435564	-64.470331	44.816138	17.604147	-40.705467	-4.215986	-97.818862	80.985236	-29.611190	12.538859	-57.649021	-1.746383	43.511508	-50.172922	
90	-67.364243	-40.710597	7.692526	-61.990092	17.118281	75.697186	-13.692355	-75.965424	45.669696	-6.422169	-37.039817	-94.707094	13.846413	-41.660640	-22.673244	97.725074	77.435564	-64.470331	44.816138	17.604147	-40.705467	-4.215986	-97.818862	80.985236	-29.611190	12.538859	-57.649021	-1.746383	43.511508	-50.172922	
105	-67.364243	-40.710597	7.692526	-61.990092	17.118281	75.697186	-13.692355	-75.965424	45.669696	-6.422169	-37.039817	-94.707094	13.846413	-41.660640	-22.673244	97.725074	77.435564	-64.470331	44.816138	17.604147	-40.705467	-4.215986	-97.818862	80.985236	-29.611190	12.538859	-57.649021	-1.746383	43.511508	-50.172922	
120	-67.364243	-40.710597	7.692526	-61.990092	17.118281	75.697186	-13.692355	-75.965424	45.669696	-6.422169	-37.039817	-94.707094	13.846413	-41.660640	-22.673244	97.725074	77.435564	-64.470331	44.816138	17.604147	-40.705467	-4.215986	-97.818862	80.985236	-29.611190	12.538859	-57.649021	-1.746383	43.511508	-50.172922	
135	-67.364243	-40.710597	7.692526	-61.990092	17.118281	75.697186	-13.692355	-75.965424	45.669696	-6.422169	-37.039817	-94.707094	13.846413	-41.660640	-22.673244	97.725074	77.435564	-64.470331	44.816138	17.604147	-40.705467	-4.215986	-97.818862	80.985236	-29.611190	12.538859	-57.649021	-1.746383	43.511508	-50.172922	
150	-67.364243	-40.710597	7.692526	-61.990092	17.118281	75.697186	-13.692355	-75.965424	45.669696	-6.422169	-37.039817	-94.707094	13.846413	-41.660640	-22.673244	97.725074	77.435564	-64.470331	44.816138	17.604147	-40.705467	-4.215986	-97.818862	80.985236	-29.611190	12.538859	-57.649021	-1.746383	43.511508	-50.172922	
300	-67.364243	-40.710597	7.692526	-61.990092	17.118281	75.697186	-13.692355	-75.965424	45.669696	-6.422169	-37.039817	-94.707094	13.846413	-41.660640	-22.673244	97.725074	77.435564	-64.470331	44.816138	17.604147	-40.705467	-4.215986	-97.818862	80.985236	-29.611190	12.538859	-57.649021	-1.746383	43.511508	-50.172922	
450	-67.364243	-40.710597	7.692526	-61.990092	17.118281	75.697186	-13.692355	-75.965424	45.669696	-6.422169	-37.039817	-94.707094	13.846413	-41.660640	-22.673244	97.725074	77.435564	-64.470331	44.816138	17.604147	-40.705467	-4.215986	-97.818862	80.985236	-29.611190	12.538859	-57.649021	-1.746383	43.511508	-50.172922	
600	-67.364243	-40.710597	7.692526	-61.990092	17.118281	75.697186	-13.692355	-75.965424	45.669696	-6.422169	-37.039817	-94.707094	13.846413	-41.660640	-22.673244	97.725074	77.435564	-64.470331	44.816138	17.604147	-40.705467	-4.215986	-97.818862	80.985236	-29.611190	12.538859	-57.649021	-1.746383	43.511508	-50.172922	
750	-67.364243	-40.710597	7.692526	-61.990092	17.118281	75.697186	-13.692355	-75.965424	45.669696	-6.422169	-37.039817	-94.707094	13.846413	-41.660640	-22.673244	97.725074	77.435564	-64.470331	44.816138	17.604147	-40.705467	-4.215986	-97.818862	80.985236	-29.611190	12.538859	-57.649021	-1.746383	43.511508	-50.172922	
900	-67.364243	-40.710597	7.692526	-61.990092	17.118281	75.697186	-13.692355	-75.965424	45.669696	-6.422169	-37.039817	-94.707094	13.846413	-41.660640	-22.673244	97.725074	77.435564	-64.470331	44.816138	17.604147	-40.705467	-4.215986	-97.818862	80.985236	-29.611190	12.538859	-57.649021	-1.746383	43.511508	-50.172922	
1050	-67.364243	-40.710597	7.692526	-61.990092	17.118281	75.697186	-13.692355	-75.965424	45.669696	-6.422169	-37.039817	-94.707094	13.846413	-41.660640	-22.673244	97.725074	77.435564	-64.470331	44.816138	17.604147	-40.705467	-4.215986	-97.818862	80.985236	-29.611190	12.538859	-57.649021	-1.746383	43.511508	-50.172922	
1200	12.689716	-42.564024	93.448247	-58.623651	28.699976	-8.263783	86.768350	65.168095	27.612127	-6.712033	-13.028963	37.278061	-28.917198	-54.926717	2.161095	45.202643	-41.334784	-84.230847	-19.807164	33.628287	-23.809088	52.845415	-17.883191	-7.634498	1.488923	61.782709	-11.067248	65.079456	38.653523	-58.597116	
1350	12.689716	-42.564024	93.448247	-58.623651	28.699976	-8.263783	86.768350	65.168095	27.612127	-6.712033	-13.028963	37.278061	-28.917198	-54.926717	2.161095	45.202643	-41.334784	-84.230847	-19.807164	33.628287	-23.809088	52.845415	-17.883191	-7.634498	1.488923	61.782709	-11.067248	65.079456	38.653523	-58.597116	
1500	12.689716	-42.564024	93.448247	-58.623651	28.699976	-8.263783	86.768350	65.168095	27.612127	-6.712033	-13.028963	37.278061	-28.917198	-54.926717	2.161095	45.202643	-41.334784	-84.230847	-19.807164	33.628287	-23.809088	52.845415	-17.883191	-7.634498	1.488923	61.782709	-11.067248	65.079456	38.653523	-58.597116	
