%count	x
15	-65.397665	94.288557	6.493978	7.224250	80.811179	28.026751	99.204120	52.923914	-56.587793	-75.632016	-11.799432	15.471050	-85.826561	-91.817975	-88.582765	-42.690460	-60.240216	9.175255	22.112429	45.370282	38.493612	39.614879	-30.073992	-53.846651	-59.947366	61.707707	-79.861646	45.655025	32.037647	-68.628840	
30	-4.627650	48.873125	76.670433	-7.236467	1.416357	-99.149189	14.239079	-29.051873	55.584199	20.254345	7.717329	28.180850	-76.674050	69.361259	-96.463214	66.467055	-64.583170	-58.371505	-54.654821	26.564795	-40.709280	-59.892193	5.993499	-45.745986	-91.964692	9.112807	29.253625	62.378640	-67.444444	50.764316	
45	51.699062	7.827344	11.624610	-74.816946	26.304273	-66.984968	75.487196	97.312562	1.241988	38.224112	-5.609387	-63.227957	-28.568345	-97.612455	46.468050	-89.581491	-87.365471	-88.379747	-29.582236	21.264587	94.036458	-71.707576	13.179760	52.747042	-32.462449	30.029926	64.950105	-2.439815	-26.173896	8.465769	
60	51.699062	7.827344	11.624610	-74.816946	26.304273	-66.984968	75.487196	97.312562	1.241988	38.224112	-5.609387	-63.227957	-28.568345	-97.612455	46.468050	-89.581491	-87.365471	-88.379747	-29.582236	21.264587	94.036458	-71.707576	13.179760	52.747042	-32.462449	30.029926	64.950105	-2.439815	-26.173896	8.465769	
75	51.699062	7.827344	11.624610	-74.816946	26.304273	-66.984968	75.487196	97.312562	1.241988	38.224112	-5.609387	-63.227957	-28.568345	-97.612455	46.468050	-89.581491	-87.365471	-88.379747	-29.582236	21.264587	94.036458	-71.707576	13.179760	52.747042	-32.462449	30.029926	64.950105	-2.439815	-26.173896	8.465769	
90	51.699062	7.827344	11.624610	-74.816946	26.304273	-66.984968	75.487196	97.312562	1.241988	38.224112	-5.609387	-63.227957	-28.568345	-97.612455	46.468050	-89.581491	-87.365471	-88.379747	-29.582236	21.264587	94.036458	-71.707576	13.179760	52.747042	-32.462449	30.029926	64.950105	-2.439815	-26.173896	8.465769	
105	51.699062	7.827344	11.624610	-74.816946	26.304273	-66.984968	75.487196	97.312562	1.241988	38.224112	-5.609387	-63.227957	-28.568345	-97.612455	46.468050	-89.581491	-87.365471	-88.379747	-29.582236	21.264587	94.036458	-71.707576	13.179760	52.747042	-32.462449	30.029926	64.950105	-2.439815	-26.173896	8.465769	
120	-49.715735	25.856787	-48.629046	22.541447	46.973553	70.879718	96.369666	-23.288385	-24.436666	-26.451685	12.210606	-95.414899	28.134551	-78.263108	8.658860	-25.808014	-95.773751	-70.720593	25.099631	-32.954433	0.835505	29.160690	83.665320	-98.279005	74.715070	94.817488	-47.788074	10.560849	70.355013	-14.535406	
135	-49.715735	25.856787	-48.629046	22.541447	46.973553	70.879718	96.369666	-23.288385	-24.436666	-26.451685	12.210606	-95.414899	28.134551	-78.263108	8.658860	-25.808014	-95.773751	-70.720593	25.099631	-32.954433	0.835505	29.160690	83.665320	-98.279005	74.715070	94.817488	-47.788074	10.560849	70.355013	-14.535406	
150	-49.715735	25.856787	-48.629046	22.541447	46.973553	70.879718	96.369666	-23.288385	-24.436666	-26.451685	12.210606	-95.414899	28.134551	-78.263108	8.658860	-25.808014	-95.773751	-70.720593	25.099631	-32.954433	0.835505	29.160690	83.665320	-98.279005	74.715070	94.817488	-47.788074	10.560849	70.355013	-14.535406	
300	-89.275649	73.369807	-11.116590	-47.137343	35.953055	-23.694857	98.185670	-20.059146	33.538410	-35.436801	87.145022	-66.059032	-71.477605	30.072576	-89.041817	-19.032700	32.042120	-98.001015	5.086581	45.242487	-12.735518	81.835061	-0.715928	-3.754096	45.181234	82.265594	16.511318	-77.267768	-82.054604	-25.111450	
450	22.540080	18.558735	37.005351	-72.555780	-3.072669	-23.800774	39.813045	-85.834435	-21.890223	-5.965682	-8.024794	-88.892062	-13.566345	35.298937	-83.910218	-81.013617	77.333540	18.996902	43.033622	-51.858865	-47.228285	28.920871	-23.862888	-97.154030	9.295935	-40.774025	-40.765435	-62.672182	-79.425143	-41.285346	
600	22.540080	18.558735	37.005351	-72.555780	-3.072669	-23.800774	39.813045	-85.834435	-21.890223	-5.965682	-8.024794	-88.892062	-13.566345	35.298937	-83.910218	-81.013617	77.333540	18.996902	43.033622	-51.858865	-47.228285	28.920871	-23.862888	-97.154030	9.295935	-40.774025	-40.765435	-62.672182	-79.425143	-41.285346	
750	22.540080	18.558735	37.005351	-72.555780	-3.072669	-23.800774	39.813045	-85.834435	-21.890223	-5.965682	-8.024794	-88.892062	-13.566345	35.298937	-83.910218	-81.013617	77.333540	18.996902	43.033622	-51.858865	-47.228285	28.920871	-23.862888	-97.154030	9.295935	-40.774025	-40.765435	-62.672182	-79.425143	-41.285346	
900	22.540080	18.558735	37.005351	-72.555780	-3.072669	-23.800774	39.813045	-85.834435	-21.890223	-5.965682	-8.024794	-88.892062	-13.566345	35.298937	-83.910218	-81.013617	77.333540	18.996902	43.033622	-51.858865	-47.228285	28.920871	-23.862888	-97.154030	9.295935	-40.774025	-40.765435	-62.672182	-79.425143	-41.285346	
1050	22.540080	18.558735	37.005351	-72.555780	-3.072669	-23.800774	39.813045	-85.834435	-21.890223	-5.965682	-8.024794	-88.892062	-13.566345	35.298937	-83.910218	-81.013617	77.333540	18.996902	43.033622	-51.858865	-47.228285	28.920871	-23.862888	-97.154030	9.295935	-40.774025	-40.765435	-62.672182	-79.425143	-41.285346	
1200	22.540080	18.558735	37.005351	-72.555780	-3.072669	-23.800774	39.813045	-85.834435	-21.890223	-5.965682	-8.024794	-88.892062	-13.566345	35.298937	-83.910218	-81.013617	77.333540	18.996902	43.033622	-51.858865	-47.228285	28.920871	-23.862888	-97.154030	9.295935	-40.774025	-40.765435	-62.672182	-79.425143	-41.285346	
1350	22.540080	18.558735	37.005351	-72.555780	-3.072669	-23.800774	39.813045	-85.834435	-21.890223	-5.965682	-8.024794	-88.892062	-13.566345	35.298937	-83.910218	-81.013617	77.333540	18.996902	43.033622	-51.858865	-47.228285	28.920871	-23.862888	-97.154030	9.295935	-40.774025	-40.765435	-62.672182	-79.425143	-41.285346	
1500	22.540080	18.558735	37.005351	-72.555780	-3.072669	-23.800774	39.813045	-85.834435	-21.890223	-5.965682	-8.024794	-88.892062	-13.566345	35.298937	-83.910218	-81.013617	77.333540	18.996902	43.033622	-51.858865	-47.228285	28.920871	-23.862888	-97.154030	9.295935	-40.774025	-40.765435	-62.672182	-79.425143	-41.285346	
