     % Run	                  15	                  30	                  45	                  60	                  75	                  90	                 105	                 120	                 135	                 150	                 300	                 450	                 600	                 750	                 900	                1050	                1200	                1350	                1500	
         1	        5.305034e+03	        3.953292e+03	        3.400719e+03	        3.400719e+03	        3.400719e+03	        3.400719e+03	        3.400719e+03	        3.400719e+03	        3.154812e+03	        3.154812e+03	        3.154812e+03	        3.154812e+03	        3.154812e+03	        3.154812e+03	        3.154812e+03	        3.132593e+03	        3.132593e+03	        3.132593e+03	        3.132593e+03	
         2	        4.465460e+03	        4.465460e+03	        3.574463e+03	        3.574463e+03	        3.574463e+03	        3.574463e+03	        3.574463e+03	        3.510363e+03	        3.510363e+03	        3.510363e+03	        3.138805e+03	        3.138805e+03	        3.138805e+03	        3.138805e+03	        3.138805e+03	        3.138805e+03	        3.138805e+03	        3.138805e+03	        3.138805e+03	
         3	        4.164608e+03	        4.164608e+03	        3.802586e+03	        3.454004e+03	        3.454004e+03	        3.374474e+03	        3.374474e+03	        3.374474e+03	        3.374474e+03	        3.374474e+03	        3.127728e+03	        3.127728e+03	        3.127728e+03	        3.127728e+03	        3.127728e+03	        3.127728e+03	        3.127728e+03	        3.127728e+03	        3.127728e+03	
         4	        3.523342e+03	        3.523342e+03	        3.523342e+03	        3.523342e+03	        3.523342e+03	        3.523342e+03	        3.523342e+03	        3.523342e+03	        3.523342e+03	        3.523342e+03	        3.523342e+03	        3.523342e+03	        3.523342e+03	        3.523342e+03	        3.465207e+03	        3.390671e+03	        3.390671e+03	        3.329197e+03	        3.329197e+03	
         5	        3.939480e+03	        3.939480e+03	        3.939480e+03	        3.628727e+03	        3.628727e+03	        3.561925e+03	        3.561925e+03	        3.373518e+03	        3.373518e+03	        3.373518e+03	        3.373518e+03	        3.287471e+03	        3.287471e+03	        3.287471e+03	        2.924160e+03	        2.924160e+03	        2.924160e+03	        2.924160e+03	        2.924160e+03	
         6	        3.833596e+03	        3.647290e+03	        3.625153e+03	        3.625153e+03	        3.625153e+03	        3.625153e+03	        3.625153e+03	        3.625153e+03	        3.625153e+03	        3.625153e+03	        3.532416e+03	        3.129852e+03	        3.129852e+03	        3.129852e+03	        3.129852e+03	        3.129852e+03	        3.129852e+03	        3.129852e+03	        3.129852e+03	
         7	        3.684516e+03	        3.684516e+03	        3.684516e+03	        3.684516e+03	        3.684516e+03	        3.684516e+03	        3.684516e+03	        3.684516e+03	        3.684516e+03	        3.684516e+03	        3.312150e+03	        3.290361e+03	        3.246711e+03	        3.246711e+03	        3.246711e+03	        3.246711e+03	        3.216335e+03	        3.216335e+03	        3.216335e+03	
         8	        3.588820e+03	        3.588820e+03	        3.588820e+03	        3.588820e+03	        3.499232e+03	        3.390171e+03	        3.390171e+03	        3.390171e+03	        3.244330e+03	        3.244330e+03	        3.244330e+03	        3.244330e+03	        3.138904e+03	        3.138904e+03	        3.138904e+03	        3.138904e+03	        3.138904e+03	        3.138904e+03	        3.138904e+03	
         9	        3.545235e+03	        3.545235e+03	        3.545235e+03	        3.545235e+03	        3.545235e+03	        3.545235e+03	        3.545235e+03	        3.545235e+03	        3.545235e+03	        3.545235e+03	        3.196288e+03	        3.165439e+03	        3.165439e+03	        3.165439e+03	        3.165439e+03	        3.165439e+03	        3.165439e+03	        3.159588e+03	        3.159588e+03	
        10	        3.412905e+03	        3.412905e+03	        3.412905e+03	        3.412905e+03	        3.412905e+03	        3.412905e+03	        3.412905e+03	        3.412905e+03	        3.412905e+03	        3.412905e+03	        3.023640e+03	        3.023640e+03	        3.023640e+03	        3.023640e+03	        3.023640e+03	        3.023640e+03	        3.023640e+03	        3.023640e+03	        3.023640e+03	
        11	        3.461348e+03	        3.461348e+03	        3.461348e+03	        3.461348e+03	        3.461348e+03	        3.461348e+03	        3.302881e+03	        3.302881e+03	        3.302881e+03	        3.302881e+03	        3.302881e+03	        3.302881e+03	        3.302881e+03	        3.302881e+03	        3.302881e+03	        3.198920e+03	        3.198920e+03	        3.198920e+03	        3.198920e+03	
        12	        4.449586e+03	        4.274493e+03	        3.860926e+03	        3.860926e+03	        3.860926e+03	        3.339974e+03	        3.339974e+03	        3.339974e+03	        3.339974e+03	        3.339974e+03	        3.300963e+03	        3.300963e+03	        3.300963e+03	        3.300963e+03	        3.300963e+03	        3.137494e+03	        3.137494e+03	        3.137494e+03	        3.137494e+03	
        13	        5.920743e+03	        5.920743e+03	        4.902006e+03	        3.826122e+03	        3.309508e+03	        3.309508e+03	        3.309508e+03	        3.309508e+03	        3.309508e+03	        3.309508e+03	        3.309508e+03	        3.309508e+03	        3.309508e+03	        3.309508e+03	        3.309508e+03	        3.309508e+03	        3.309508e+03	        3.309508e+03	        3.309508e+03	
        14	        3.342821e+03	        3.342821e+03	        3.342821e+03	        3.342821e+03	        3.342821e+03	        3.342821e+03	        3.342821e+03	        3.342821e+03	        3.342821e+03	        3.342821e+03	        3.342821e+03	        3.342821e+03	        3.342821e+03	        3.342821e+03	        3.342821e+03	        3.342821e+03	        3.342821e+03	        3.280233e+03	        3.280233e+03	
        15	        3.462697e+03	        3.462697e+03	        3.462697e+03	        3.462697e+03	        3.462697e+03	        3.462697e+03	        3.462697e+03	        3.462697e+03	        3.462697e+03	        3.462697e+03	        3.422067e+03	        3.422067e+03	        3.422067e+03	        3.422067e+03	        3.422067e+03	        3.422067e+03	        3.422067e+03	        3.279259e+03	        3.279259e+03	
        16	        4.886319e+03	        4.401258e+03	        4.151018e+03	        3.639238e+03	        3.546975e+03	        3.546975e+03	        3.546975e+03	        3.317334e+03	        3.185966e+03	        3.185966e+03	        3.185966e+03	        3.185966e+03	        3.185966e+03	        3.185966e+03	        3.185966e+03	        3.185966e+03	        3.185966e+03	        3.185527e+03	        3.185527e+03	
        17	        5.478640e+03	        4.308436e+03	        4.308436e+03	        3.471469e+03	        3.471469e+03	        3.471469e+03	        3.471469e+03	        3.471469e+03	        3.471469e+03	        3.471469e+03	        3.316894e+03	        3.313593e+03	        3.313593e+03	        3.313593e+03	        3.305056e+03	        3.305056e+03	        3.305056e+03	        3.305056e+03	        3.305056e+03	
        18	        5.959683e+03	        3.425741e+03	        3.425741e+03	        3.425741e+03	        3.425741e+03	        3.425741e+03	        3.425741e+03	        3.425741e+03	        3.425741e+03	        3.425741e+03	        3.182585e+03	        3.182585e+03	        3.182585e+03	        3.075351e+03	        3.029628e+03	        3.029628e+03	        3.029628e+03	        3.029628e+03	        3.029628e+03	
        19	        3.902475e+03	        3.902475e+03	        3.735651e+03	        3.485022e+03	        3.485022e+03	        3.485022e+03	        3.485022e+03	        3.229388e+03	        3.229388e+03	        3.229388e+03	        3.229388e+03	        3.229388e+03	        3.229388e+03	        3.229388e+03	        3.229388e+03	        3.214489e+03	        3.214489e+03	        3.214489e+03	        3.214489e+03	
        20	        3.428125e+03	        3.428125e+03	        3.377939e+03	        3.377939e+03	        3.377939e+03	        3.377939e+03	        3.377939e+03	        3.377939e+03	        3.377939e+03	        3.377939e+03	        3.256139e+03	        3.256139e+03	        3.163438e+03	        3.163438e+03	        3.163438e+03	        3.090091e+03	        3.090091e+03	        3.090091e+03	        3.090091e+03	
