     % Run	                  15	                  30	                  45	                  60	                  75	                  90	                 105	                 120	                 135	                 150	                 300	                 450	                 600	                 750	                 900	                1050	                1200	                1350	                1500	
         1	        9.558149e+02	        9.558149e+02	        9.558149e+02	        8.884869e+02	        8.884869e+02	        8.884869e+02	        8.884869e+02	        8.884869e+02	        8.884869e+02	        8.884869e+02	        8.884869e+02	        8.884869e+02	        8.884869e+02	        8.884869e+02	        8.884869e+02	        8.884869e+02	        8.884869e+02	        8.778536e+02	        8.678710e+02	
         2	        1.026657e+03	        9.912936e+02	        9.912936e+02	        9.782749e+02	        9.782749e+02	        9.595863e+02	        8.459200e+02	        8.459200e+02	        8.459200e+02	        8.459200e+02	        8.459200e+02	        8.459200e+02	        8.459200e+02	        8.459200e+02	        8.459200e+02	        8.459200e+02	        8.459200e+02	        8.459200e+02	        8.459200e+02	
         3	        9.500578e+02	        9.500578e+02	        9.500578e+02	        9.500578e+02	        8.670634e+02	        8.670634e+02	        8.670634e+02	        8.670634e+02	        8.670634e+02	        8.670634e+02	        8.670634e+02	        8.543008e+02	        8.525112e+02	        8.525112e+02	        8.525112e+02	        8.525112e+02	        8.525112e+02	        8.525112e+02	        8.525112e+02	
         4	        9.431469e+02	        9.431469e+02	        9.431469e+02	        9.431469e+02	        9.431469e+02	        9.431469e+02	        9.431469e+02	        9.431469e+02	        9.431469e+02	        9.191579e+02	        9.081382e+02	        9.063265e+02	        9.063265e+02	        8.795755e+02	        8.795755e+02	        8.795755e+02	        8.795755e+02	        8.795755e+02	        8.700362e+02	
         5	        9.367930e+02	        9.367930e+02	        9.367930e+02	        9.367930e+02	        9.367930e+02	        9.367930e+02	        9.367930e+02	        9.367930e+02	        9.367930e+02	        9.367930e+02	        9.177901e+02	        9.177901e+02	        8.816478e+02	        8.744255e+02	        8.744255e+02	        8.744255e+02	        8.744255e+02	        8.744255e+02	        8.744255e+02	
         6	        9.888531e+02	        9.821022e+02	        9.736706e+02	        9.736706e+02	        9.736706e+02	        9.269185e+02	        9.048116e+02	        9.048116e+02	        9.048116e+02	        9.048116e+02	        8.869476e+02	        8.869476e+02	        8.869476e+02	        8.869476e+02	        8.597570e+02	        8.597570e+02	        8.597570e+02	        8.597570e+02	        8.586162e+02	
         7	        9.308918e+02	        9.308918e+02	        9.308918e+02	        9.054486e+02	        9.054486e+02	        9.054486e+02	        9.054486e+02	        9.054486e+02	        8.919815e+02	        8.919815e+02	        8.919815e+02	        8.919815e+02	        8.919815e+02	        8.683303e+02	        8.683303e+02	        8.683303e+02	        8.683303e+02	        8.683303e+02	        8.683303e+02	
         8	        1.025329e+03	        9.802292e+02	        9.802292e+02	        9.064385e+02	        9.064385e+02	        9.064385e+02	        9.064385e+02	        9.064385e+02	        9.064385e+02	        9.064385e+02	        9.064385e+02	        8.955741e+02	        8.955741e+02	        8.782114e+02	        8.782114e+02	        8.782114e+02	        8.782114e+02	        8.782114e+02	        8.740656e+02	
         9	        9.330061e+02	        9.330061e+02	        9.330061e+02	        9.214859e+02	        9.214859e+02	        9.214859e+02	        9.214859e+02	        9.214859e+02	        9.214859e+02	        9.214859e+02	        9.056775e+02	        9.056775e+02	        9.056775e+02	        9.056775e+02	        8.778447e+02	        8.778447e+02	        8.778447e+02	        8.778447e+02	        8.778447e+02	
        10	        8.928891e+02	        8.928891e+02	        8.928891e+02	        8.928891e+02	        8.928891e+02	        8.928891e+02	        8.928891e+02	        8.928891e+02	        8.928891e+02	        8.928891e+02	        8.928891e+02	        8.928891e+02	        8.928891e+02	        8.928891e+02	        8.784909e+02	        8.784909e+02	        8.784909e+02	        8.784909e+02	        8.784909e+02	
        11	        1.004591e+03	        9.681371e+02	        9.561046e+02	        9.542418e+02	        9.542418e+02	        9.542418e+02	        9.542418e+02	        9.542418e+02	        9.542418e+02	        9.542418e+02	        9.281913e+02	        9.044976e+02	        9.000932e+02	        9.000932e+02	        9.000932e+02	        9.000932e+02	        8.785568e+02	        8.785568e+02	        8.785568e+02	
        12	        9.327091e+02	        9.327091e+02	        9.327091e+02	        9.327091e+02	        9.327091e+02	        9.327091e+02	        9.327091e+02	        9.327091e+02	        9.327091e+02	        9.179896e+02	        9.179896e+02	        9.179896e+02	        9.179896e+02	        9.156851e+02	        9.114376e+02	        9.009992e+02	        9.009992e+02	        9.009992e+02	        9.009992e+02	
        13	        9.523204e+02	        9.007364e+02	        9.007364e+02	        9.007364e+02	        9.007364e+02	        9.007364e+02	        8.999627e+02	        8.999627e+02	        8.999627e+02	        8.999627e+02	        8.987602e+02	        8.966162e+02	        8.966162e+02	        8.906126e+02	        8.906126e+02	        8.737822e+02	        8.517285e+02	        8.517285e+02	        8.517285e+02	
        14	        9.594237e+02	        9.594237e+02	        9.594237e+02	        9.516402e+02	        9.516402e+02	        9.516402e+02	        9.355944e+02	        9.299574e+02	        9.299574e+02	        9.299574e+02	        9.299574e+02	        8.761783e+02	        8.761783e+02	        8.369061e+02	        8.369061e+02	        8.369061e+02	        8.369061e+02	        8.369061e+02	        8.369061e+02	
        15	        9.832428e+02	        9.832428e+02	        9.796469e+02	        9.584496e+02	        9.584496e+02	        9.381127e+02	        9.170191e+02	        9.170191e+02	        9.170191e+02	        9.170191e+02	        8.905606e+02	        8.905606e+02	        8.895408e+02	        8.895408e+02	        8.895408e+02	        8.895408e+02	        8.895408e+02	        8.813067e+02	        8.683068e+02	
        16	        9.462384e+02	        9.462384e+02	        9.074272e+02	        9.074272e+02	        9.074272e+02	        9.062057e+02	        9.036232e+02	        9.036232e+02	        9.036232e+02	        9.036232e+02	        9.036232e+02	        8.974965e+02	        8.974965e+02	        8.974965e+02	        8.971000e+02	        8.971000e+02	        8.971000e+02	        8.792573e+02	        8.792573e+02	
        17	        9.819461e+02	        9.819461e+02	        9.819461e+02	        9.819461e+02	        9.214027e+02	        9.214027e+02	        9.214027e+02	        9.214027e+02	        9.214027e+02	        9.214027e+02	        9.002509e+02	        9.002509e+02	        8.996820e+02	        8.808356e+02	        8.808356e+02	        8.808356e+02	        8.808356e+02	        8.808356e+02	        8.808356e+02	
        18	        9.920290e+02	        9.802396e+02	        9.692990e+02	        9.692990e+02	        9.651435e+02	        9.599512e+02	        9.183944e+02	        9.183944e+02	        9.183944e+02	        9.183944e+02	        9.183944e+02	        9.053440e+02	        8.895083e+02	        8.397833e+02	        8.397833e+02	        8.397833e+02	        8.397833e+02	        8.397833e+02	        8.397833e+02	
        19	        9.971273e+02	        9.701431e+02	        9.701431e+02	        9.588404e+02	        9.549467e+02	        9.483285e+02	        9.483285e+02	        9.157124e+02	        9.157124e+02	        9.157124e+02	        9.157124e+02	        8.994893e+02	        8.895022e+02	        8.895022e+02	        8.772098e+02	        8.772098e+02	        8.772098e+02	        8.772098e+02	        8.772098e+02	
        20	        9.176025e+02	        9.176025e+02	        9.176025e+02	        9.176025e+02	        9.176025e+02	        9.176025e+02	        9.176025e+02	        9.176025e+02	        9.176025e+02	        9.176025e+02	        9.176025e+02	        9.026781e+02	        9.026781e+02	        9.026781e+02	        9.026781e+02	        8.909257e+02	        8.909257e+02	        8.909257e+02	        8.909257e+02	
