%count	x
15	-23.028685	26.487644	-71.017654	62.820668	-58.191845	-83.334604	48.978948	-11.045313	13.902895	-39.313956	25.591275	-82.993858	-37.875036	11.974460	2.113009	-31.434586	-69.403530	50.470508	-53.776764	-2.288984	22.013347	35.987961	72.617181	-93.518572	-11.771561	30.079829	-0.455039	-78.589250	18.833796	70.263279	
30	-74.646386	-16.379107	63.753595	3.101400	-24.946180	-10.230951	33.327262	63.224803	-27.177119	84.325939	1.055526	-20.011015	-71.435788	12.326208	-33.879467	61.197146	-33.375206	-86.172089	58.199646	81.856557	-8.529087	-38.358183	-96.221425	39.902987	41.423157	61.489538	-1.084773	-14.806264	-22.787837	-80.931631	
45	-74.646386	-16.379107	63.753595	3.101400	-24.946180	-10.230951	33.327262	63.224803	-27.177119	84.325939	1.055526	-20.011015	-71.435788	12.326208	-33.879467	61.197146	-33.375206	-86.172089	58.199646	81.856557	-8.529087	-38.358183	-96.221425	39.902987	41.423157	61.489538	-1.084773	-14.806264	-22.787837	-80.931631	
60	-74.646386	-16.379107	63.753595	3.101400	-24.946180	-10.230951	33.327262	63.224803	-27.177119	84.325939	1.055526	-20.011015	-71.435788	12.326208	-33.879467	61.197146	-33.375206	-86.172089	58.199646	81.856557	-8.529087	-38.358183	-96.221425	39.902987	41.423157	61.489538	-1.084773	-14.806264	-22.787837	-80.931631	
75	-74.646386	-16.379107	63.753595	3.101400	-24.946180	-10.230951	33.327262	63.224803	-27.177119	84.325939	1.055526	-20.011015	-71.435788	12.326208	-33.879467	61.197146	-33.375206	-86.172089	58.199646	81.856557	-8.529087	-38.358183	-96.221425	39.902987	41.423157	61.489538	-1.084773	-14.806264	-22.787837	-80.931631	
90	-77.781843	23.934156	65.164186	-7.167474	49.872623	-43.562738	93.472673	66.908463	8.976318	0.269282	-54.209238	23.303115	-89.997083	0.540924	65.747988	-38.916363	-68.054762	-47.994303	9.219658	-64.509678	87.599142	-26.473754	28.488737	-75.277271	-65.706590	-2.244619	-86.597405	-29.955474	55.478927	5.895369	
105	-77.781843	23.934156	65.164186	-7.167474	49.872623	-43.562738	93.472673	66.908463	8.976318	0.269282	-54.209238	23.303115	-89.997083	0.540924	65.747988	-38.916363	-68.054762	-47.994303	9.219658	-64.509678	87.599142	-26.473754	28.488737	-75.277271	-65.706590	-2.244619	-86.597405	-29.955474	55.478927	5.895369	
120	-77.781843	23.934156	65.164186	-7.167474	49.872623	-43.562738	93.472673	66.908463	8.976318	0.269282	-54.209238	23.303115	-89.997083	0.540924	65.747988	-38.916363	-68.054762	-47.994303	9.219658	-64.509678	87.599142	-26.473754	28.488737	-75.277271	-65.706590	-2.244619	-86.597405	-29.955474	55.478927	5.895369	
135	-77.781843	23.934156	65.164186	-7.167474	49.872623	-43.562738	93.472673	66.908463	8.976318	0.269282	-54.209238	23.303115	-89.997083	0.540924	65.747988	-38.916363	-68.054762	-47.994303	9.219658	-64.509678	87.599142	-26.473754	28.488737	-75.277271	-65.706590	-2.244619	-86.597405	-29.955474	55.478927	5.895369	
150	-77.781843	23.934156	65.164186	-7.167474	49.872623	-43.562738	93.472673	66.908463	8.976318	0.269282	-54.209238	23.303115	-89.997083	0.540924	65.747988	-38.916363	-68.054762	-47.994303	9.219658	-64.509678	87.599142	-26.473754	28.488737	-75.277271	-65.706590	-2.244619	-86.597405	-29.955474	55.478927	5.895369	
300	-77.781843	23.934156	65.164186	-7.167474	49.872623	-43.562738	93.472673	66.908463	8.976318	0.269282	-54.209238	23.303115	-89.997083	0.540924	65.747988	-38.916363	-68.054762	-47.994303	9.219658	-64.509678	87.599142	-26.473754	28.488737	-75.277271	-65.706590	-2.244619	-86.597405	-29.955474	55.478927	5.895369	
450	-77.781843	23.934156	65.164186	-7.167474	49.872623	-43.562738	93.472673	66.908463	8.976318	0.269282	-54.209238	23.303115	-89.997083	0.540924	65.747988	-38.916363	-68.054762	-47.994303	9.219658	-64.509678	87.599142	-26.473754	28.488737	-75.277271	-65.706590	-2.244619	-86.597405	-29.955474	55.478927	5.895369	
600	-77.781843	23.934156	65.164186	-7.167474	49.872623	-43.562738	93.472673	66.908463	8.976318	0.269282	-54.209238	23.303115	-89.997083	0.540924	65.747988	-38.916363	-68.054762	-47.994303	9.219658	-64.509678	87.599142	-26.473754	28.488737	-75.277271	-65.706590	-2.244619	-86.597405	-29.955474	55.478927	5.895369	
750	-77.781843	23.934156	65.164186	-7.167474	49.872623	-43.562738	93.472673	66.908463	8.976318	0.269282	-54.209238	23.303115	-89.997083	0.540924	65.747988	-38.916363	-68.054762	-47.994303	9.219658	-64.509678	87.599142	-26.473754	28.488737	-75.277271	-65.706590	-2.244619	-86.597405	-29.955474	55.478927	5.895369	
900	-77.781843	23.934156	65.164186	-7.167474	49.872623	-43.562738	93.472673	66.908463	8.976318	0.269282	-54.209238	23.303115	-89.997083	0.540924	65.747988	-38.916363	-68.054762	-47.994303	9.219658	-64.509678	87.599142	-26.473754	28.488737	-75.277271	-65.706590	-2.244619	-86.597405	-29.955474	55.478927	5.895369	
1050	-77.781843	23.934156	65.164186	-7.167474	49.872623	-43.562738	93.472673	66.908463	8.976318	0.269282	-54.209238	23.303115	-89.997083	0.540924	65.747988	-38.916363	-68.054762	-47.994303	9.219658	-64.509678	87.599142	-26.473754	28.488737	-75.277271	-65.706590	-2.244619	-86.597405	-29.955474	55.478927	5.895369	
1200	-77.781843	23.934156	65.164186	-7.167474	49.872623	-43.562738	93.472673	66.908463	8.976318	0.269282	-54.209238	23.303115	-89.997083	0.540924	65.747988	-38.916363	-68.054762	-47.994303	9.219658	-64.509678	87.599142	-26.473754	28.488737	-75.277271	-65.706590	-2.244619	-86.597405	-29.955474	55.478927	5.895369	
1350	-77.781843	23.934156	65.164186	-7.167474	49.872623	-43.562738	93.472673	66.908463	8.976318	0.269282	-54.209238	23.303115	-89.997083	0.540924	65.747988	-38.916363	-68.054762	-47.994303	9.219658	-64.509678	87.599142	-26.473754	28.488737	-75.277271	-65.706590	-2.244619	-86.597405	-29.955474	55.478927	5.895369	
1500	33.860067	67.318095	22.390949	64.731943	-67.700819	-59.713640	-47.179481	-60.932501	-85.922406	23.511150	-23.141311	33.921014	10.163853	-41.841049	79.911744	58.066055	13.173628	49.158751	-29.437465	-7.187433	40.607578	-42.000729	-82.531497	-42.004800	-17.465569	-53.782629	-80.927792	32.309258	-23.322834	45.011223	
