     % Run	                   5	                  10	                  15	                  20	                  25	                  30	                  35	                  40	                  45	                  50	                 100	                 150	                 200	                 250	                 300	                 350	                 400	                 450	                 500	
         1	        1.244071e+03	        1.244071e+03	        1.240455e+03	        1.240455e+03	        1.240455e+03	        1.240455e+03	        1.240455e+03	        1.204183e+03	        1.172341e+03	        1.172341e+03	        1.143178e+03	        1.143178e+03	        1.143178e+03	        1.143178e+03	        1.143178e+03	        1.130634e+03	        1.130634e+03	        1.130634e+03	        1.130634e+03	
         2	        1.152804e+03	        1.152804e+03	        1.152804e+03	        1.152804e+03	        1.152804e+03	        1.152804e+03	        1.152804e+03	        1.152804e+03	        1.152804e+03	        1.152804e+03	        1.152804e+03	        1.152804e+03	        1.122033e+03	        1.122033e+03	        1.122033e+03	        1.122033e+03	        1.122033e+03	        1.122033e+03	        1.122033e+03	
         3	        1.304384e+03	        1.304384e+03	        1.304384e+03	        1.245236e+03	        1.218707e+03	        1.164510e+03	        1.164510e+03	        1.164510e+03	        1.164510e+03	        1.164510e+03	        1.164510e+03	        1.164510e+03	        1.164510e+03	        1.164510e+03	        1.164510e+03	        1.137368e+03	        1.137368e+03	        1.137368e+03	        1.137368e+03	
         4	        1.542094e+03	        1.542094e+03	        1.310439e+03	        1.310439e+03	        1.310439e+03	        1.310439e+03	        1.310439e+03	        1.310439e+03	        1.310439e+03	        1.293816e+03	        1.230028e+03	        1.129538e+03	        1.129538e+03	        1.109936e+03	        1.109936e+03	        1.109936e+03	        1.109936e+03	        1.109936e+03	        1.109936e+03	
         5	        1.191829e+03	        1.191829e+03	        1.191829e+03	        1.191829e+03	        1.191829e+03	        1.191829e+03	        1.191829e+03	        1.191829e+03	        1.191829e+03	        1.191829e+03	        1.176944e+03	        1.176944e+03	        1.176944e+03	        1.128516e+03	        1.128516e+03	        1.128516e+03	        1.128516e+03	        1.125010e+03	        1.125010e+03	
         6	        1.627005e+03	        1.463102e+03	        1.239627e+03	        1.239627e+03	        1.239627e+03	        1.239627e+03	        1.239627e+03	        1.239627e+03	        1.182481e+03	        1.182481e+03	        1.136979e+03	        1.136979e+03	        1.136979e+03	        1.136979e+03	        1.136979e+03	        1.136979e+03	        1.136979e+03	        1.136979e+03	        1.133741e+03	
         7	        1.581707e+03	        1.536997e+03	        1.474382e+03	        1.391673e+03	        1.391673e+03	        1.391673e+03	        1.333648e+03	        1.333648e+03	        1.333648e+03	        1.154877e+03	        1.154877e+03	        1.154877e+03	        1.154877e+03	        1.153273e+03	        1.153273e+03	        1.153273e+03	        1.151964e+03	        1.151964e+03	        1.151964e+03	
         8	        1.172773e+03	        1.172773e+03	        1.172773e+03	        1.160855e+03	        1.160855e+03	        1.160855e+03	        1.160855e+03	        1.160855e+03	        1.160855e+03	        1.160855e+03	        1.121302e+03	        1.121302e+03	        1.121302e+03	        1.121302e+03	        1.121302e+03	        1.121302e+03	        1.121302e+03	        1.121302e+03	        1.118298e+03	
         9	        1.379417e+03	        1.379417e+03	        1.379417e+03	        1.321544e+03	        1.321544e+03	        1.321544e+03	        1.321544e+03	        1.321544e+03	        1.321544e+03	        1.321544e+03	        1.220647e+03	        1.140471e+03	        1.140471e+03	        1.140471e+03	        1.140471e+03	        1.140471e+03	        1.117733e+03	        1.117733e+03	        1.117733e+03	
        10	        1.894350e+03	        1.234194e+03	        1.234194e+03	        1.234194e+03	        1.234194e+03	        1.234194e+03	        1.234194e+03	        1.187407e+03	        1.187407e+03	        1.187407e+03	        1.187407e+03	        1.160053e+03	        1.160053e+03	        1.130621e+03	        1.130621e+03	        1.130621e+03	        1.130621e+03	        1.130621e+03	        1.129359e+03	
        11	        1.697932e+03	        1.283802e+03	        1.283802e+03	        1.283802e+03	        1.283802e+03	        1.283802e+03	        1.162405e+03	        1.162405e+03	        1.162405e+03	        1.162405e+03	        1.162405e+03	        1.162405e+03	        1.162405e+03	        1.162405e+03	        1.162405e+03	        1.162405e+03	        1.119054e+03	        1.119054e+03	        1.119054e+03	
        12	        1.372075e+03	        1.239314e+03	        1.239314e+03	        1.239314e+03	        1.239314e+03	        1.239314e+03	        1.239314e+03	        1.180901e+03	        1.180901e+03	        1.180901e+03	        1.135398e+03	        1.135398e+03	        1.135398e+03	        1.135398e+03	        1.135398e+03	        1.135398e+03	        1.133263e+03	        1.133263e+03	        1.133263e+03	
        13	        1.260858e+03	        1.209306e+03	        1.209306e+03	        1.209306e+03	        1.209306e+03	        1.209306e+03	        1.209306e+03	        1.209306e+03	        1.193339e+03	        1.193339e+03	        1.170749e+03	        1.161755e+03	        1.161755e+03	        1.161755e+03	        1.161755e+03	        1.126357e+03	        1.126357e+03	        1.126357e+03	        1.126357e+03	
        14	        1.178592e+03	        1.178592e+03	        1.178592e+03	        1.178592e+03	        1.178592e+03	        1.178592e+03	        1.178592e+03	        1.178592e+03	        1.178592e+03	        1.178592e+03	        1.153856e+03	        1.153856e+03	        1.153856e+03	        1.153856e+03	        1.153856e+03	        1.153856e+03	        1.153856e+03	        1.153856e+03	        1.153856e+03	
        15	        1.402527e+03	        1.402527e+03	        1.402527e+03	        1.170194e+03	        1.170194e+03	        1.170194e+03	        1.170194e+03	        1.170194e+03	        1.170194e+03	        1.170194e+03	        1.170194e+03	        1.170194e+03	        1.170194e+03	        1.170194e+03	        1.170194e+03	        1.124454e+03	        1.124454e+03	        1.124454e+03	        1.124454e+03	
        16	        1.835768e+03	        1.516520e+03	        1.135750e+03	        1.135750e+03	        1.135750e+03	        1.135750e+03	        1.135750e+03	        1.135750e+03	        1.135750e+03	        1.135750e+03	        1.135750e+03	        1.135750e+03	        1.135750e+03	        1.135750e+03	        1.135750e+03	        1.135750e+03	        1.135750e+03	        1.135750e+03	        1.135750e+03	
        17	        1.202115e+03	        1.202115e+03	        1.202115e+03	        1.202115e+03	        1.202115e+03	        1.202115e+03	        1.202115e+03	        1.202115e+03	        1.202115e+03	        1.202115e+03	        1.202115e+03	        1.122627e+03	        1.122627e+03	        1.122627e+03	        1.122627e+03	        1.122627e+03	        1.122627e+03	        1.122627e+03	        1.122627e+03	
        18	        1.411157e+03	        1.411157e+03	        1.408703e+03	        1.201933e+03	        1.201933e+03	        1.171329e+03	        1.171329e+03	        1.159248e+03	        1.158769e+03	        1.158769e+03	        1.158769e+03	        1.158769e+03	        1.158769e+03	        1.128268e+03	        1.128268e+03	        1.128268e+03	        1.128268e+03	        1.125190e+03	        1.125190e+03	
        19	        1.527541e+03	        1.527541e+03	        1.289081e+03	        1.289081e+03	        1.289081e+03	        1.283707e+03	        1.267169e+03	        1.267169e+03	        1.202186e+03	        1.202186e+03	        1.182962e+03	        1.182962e+03	        1.182962e+03	        1.128916e+03	        1.128916e+03	        1.128916e+03	        1.128916e+03	        1.128916e+03	        1.128916e+03	
        20	        1.244587e+03	        1.244587e+03	        1.244587e+03	        1.244587e+03	        1.244587e+03	        1.244587e+03	        1.244587e+03	        1.244587e+03	        1.244587e+03	        1.244587e+03	        1.171621e+03	        1.171621e+03	        1.171621e+03	        1.171621e+03	        1.171621e+03	        1.171621e+03	        1.171621e+03	        1.171621e+03	        1.145472e+03	
