%count	x
15	-93.082992	69.946903	64.224462	66.079806	-36.078956	25.199633	34.367943	60.288541	-46.339773	-28.113707	45.165647	-26.046997	45.443560	57.685349	92.507440	-11.123526	64.278392	-53.150220	-9.801886	72.337878	-65.144541	19.701220	-36.303877	-6.215878	72.417135	-54.692589	-35.926820	99.495162	29.505320	30.943208	
30	-93.082992	69.946903	64.224462	66.079806	-36.078956	25.199633	34.367943	60.288541	-46.339773	-28.113707	45.165647	-26.046997	45.443560	57.685349	92.507440	-11.123526	64.278392	-53.150220	-9.801886	72.337878	-65.144541	19.701220	-36.303877	-6.215878	72.417135	-54.692589	-35.926820	99.495162	29.505320	30.943208	
45	-93.082992	69.946903	64.224462	66.079806	-36.078956	25.199633	34.367943	60.288541	-46.339773	-28.113707	45.165647	-26.046997	45.443560	57.685349	92.507440	-11.123526	64.278392	-53.150220	-9.801886	72.337878	-65.144541	19.701220	-36.303877	-6.215878	72.417135	-54.692589	-35.926820	99.495162	29.505320	30.943208	
60	-37.114647	-60.418552	-56.172131	-32.671302	-58.853917	-1.192246	43.885093	99.671121	74.112348	96.951991	-92.805542	55.984641	55.024400	67.400653	-63.517523	97.011858	-40.476095	-14.409402	-17.046493	16.749836	81.376924	2.359514	41.849410	-94.087779	-96.020481	-89.614729	16.209777	73.732633	20.391478	-51.548383	
75	-37.114647	-60.418552	-56.172131	-32.671302	-58.853917	-1.192246	43.885093	99.671121	74.112348	96.951991	-92.805542	55.984641	55.024400	67.400653	-63.517523	97.011858	-40.476095	-14.409402	-17.046493	16.749836	81.376924	2.359514	41.849410	-94.087779	-96.020481	-89.614729	16.209777	73.732633	20.391478	-51.548383	
90	-37.114647	-60.418552	-56.172131	-32.671302	-58.853917	-1.192246	43.885093	99.671121	74.112348	96.951991	-92.805542	55.984641	55.024400	67.400653	-63.517523	97.011858	-40.476095	-14.409402	-17.046493	16.749836	81.376924	2.359514	41.849410	-94.087779	-96.020481	-89.614729	16.209777	73.732633	20.391478	-51.548383	
105	-57.520353	-57.267550	86.391713	-74.948418	-78.402955	-16.905990	35.367404	83.904540	88.874983	-76.724251	44.719271	-96.980561	-33.535955	-23.783213	82.374224	-84.363850	66.766065	-26.040795	77.552499	33.198165	-72.782417	56.745609	-44.431151	-25.138229	-88.224348	-95.501152	59.226210	1.459905	-19.757435	-71.214346	
120	-57.520353	-57.267550	86.391713	-74.948418	-78.402955	-16.905990	35.367404	83.904540	88.874983	-76.724251	44.719271	-96.980561	-33.535955	-23.783213	82.374224	-84.363850	66.766065	-26.040795	77.552499	33.198165	-72.782417	56.745609	-44.431151	-25.138229	-88.224348	-95.501152	59.226210	1.459905	-19.757435	-71.214346	
135	-57.520353	-57.267550	86.391713	-74.948418	-78.402955	-16.905990	35.367404	83.904540	88.874983	-76.724251	44.719271	-96.980561	-33.535955	-23.783213	82.374224	-84.363850	66.766065	-26.040795	77.552499	33.198165	-72.782417	56.745609	-44.431151	-25.138229	-88.224348	-95.501152	59.226210	1.459905	-19.757435	-71.214346	
150	-57.520353	-57.267550	86.391713	-74.948418	-78.402955	-16.905990	35.367404	83.904540	88.874983	-76.724251	44.719271	-96.980561	-33.535955	-23.783213	82.374224	-84.363850	66.766065	-26.040795	77.552499	33.198165	-72.782417	56.745609	-44.431151	-25.138229	-88.224348	-95.501152	59.226210	1.459905	-19.757435	-71.214346	
300	-36.977751	-7.022673	-59.051104	-60.577324	75.649438	-83.158145	80.975869	23.548024	-16.221986	-3.291701	47.426705	-3.223685	-44.594994	-94.670822	-70.883307	-50.079601	-13.639210	17.378853	13.628192	30.718846	52.258094	44.584979	28.677979	18.028498	-8.173020	-89.556469	16.553316	91.535300	37.370775	85.882943	
450	-43.346136	-7.446838	29.573653	-13.452409	-86.449543	64.695773	65.577101	81.126213	-56.452293	-18.778207	-22.929157	77.820008	-11.104986	63.831099	94.920397	41.263037	-84.017961	-20.190294	63.275494	-54.407113	54.506509	62.740103	-15.875928	-86.195591	-89.036238	68.583554	-73.751208	69.200703	-73.889485	-8.059640	
600	-43.346136	-7.446838	29.573653	-13.452409	-86.449543	64.695773	65.577101	81.126213	-56.452293	-18.778207	-22.929157	77.820008	-11.104986	63.831099	94.920397	41.263037	-84.017961	-20.190294	63.275494	-54.407113	54.506509	62.740103	-15.875928	-86.195591	-89.036238	68.583554	-73.751208	69.200703	-73.889485	-8.059640	
750	26.073558	-71.121229	-46.768083	73.991163	-32.870020	89.925686	58.736250	77.021055	20.056096	-11.219353	-48.845166	-26.669339	90.648243	75.050098	79.438304	-52.807039	-23.541881	-16.116919	32.471473	45.162247	-97.754013	98.726229	85.327244	-52.319564	-74.204928	-43.744432	-48.505824	6.261255	31.407473	73.468012	
900	26.073558	-71.121229	-46.768083	73.991163	-32.870020	89.925686	58.736250	77.021055	20.056096	-11.219353	-48.845166	-26.669339	90.648243	75.050098	79.438304	-52.807039	-23.541881	-16.116919	32.471473	45.162247	-97.754013	98.726229	85.327244	-52.319564	-74.204928	-43.744432	-48.505824	6.261255	31.407473	73.468012	
1050	26.073558	-71.121229	-46.768083	73.991163	-32.870020	89.925686	58.736250	77.021055	20.056096	-11.219353	-48.845166	-26.669339	90.648243	75.050098	79.438304	-52.807039	-23.541881	-16.116919	32.471473	45.162247	-97.754013	98.726229	85.327244	-52.319564	-74.204928	-43.744432	-48.505824	6.261255	31.407473	73.468012	
1200	26.073558	-71.121229	-46.768083	73.991163	-32.870020	89.925686	58.736250	77.021055	20.056096	-11.219353	-48.845166	-26.669339	90.648243	75.050098	79.438304	-52.807039	-23.541881	-16.116919	32.471473	45.162247	-97.754013	98.726229	85.327244	-52.319564	-74.204928	-43.744432	-48.505824	6.261255	31.407473	73.468012	
1350	26.073558	-71.121229	-46.768083	73.991163	-32.870020	89.925686	58.736250	77.021055	20.056096	-11.219353	-48.845166	-26.669339	90.648243	75.050098	79.438304	-52.807039	-23.541881	-16.116919	32.471473	45.162247	-97.754013	98.726229	85.327244	-52.319564	-74.204928	-43.744432	-48.505824	6.261255	31.407473	73.468012	
1500	26.073558	-71.121229	-46.768083	73.991163	-32.870020	89.925686	58.736250	77.021055	20.056096	-11.219353	-48.845166	-26.669339	90.648243	75.050098	79.438304	-52.807039	-23.541881	-16.116919	32.471473	45.162247	-97.754013	98.726229	85.327244	-52.319564	-74.204928	-43.744432	-48.505824	6.261255	31.407473	73.468012	
