%count	x
15	-39.832030	-14.032601	-78.437388	57.583934	36.101268	12.176581	-9.932602	41.846357	55.526073	-90.242954	-88.786377	78.736203	47.706973	-96.021363	-29.483158	29.983990	25.155764	-3.115627	5.103630	81.304428	77.942792	38.665343	47.465901	-78.851563	74.061402	2.019321	5.190377	-53.918137	23.610772	45.079486	
30	-39.832030	-14.032601	-78.437388	57.583934	36.101268	12.176581	-9.932602	41.846357	55.526073	-90.242954	-88.786377	78.736203	47.706973	-96.021363	-29.483158	29.983990	25.155764	-3.115627	5.103630	81.304428	77.942792	38.665343	47.465901	-78.851563	74.061402	2.019321	5.190377	-53.918137	23.610772	45.079486	
45	-39.832030	-14.032601	-78.437388	57.583934	36.101268	12.176581	-9.932602	41.846357	55.526073	-90.242954	-88.786377	78.736203	47.706973	-96.021363	-29.483158	29.983990	25.155764	-3.115627	5.103630	81.304428	77.942792	38.665343	47.465901	-78.851563	74.061402	2.019321	5.190377	-53.918137	23.610772	45.079486	
60	-39.832030	-14.032601	-78.437388	57.583934	36.101268	12.176581	-9.932602	41.846357	55.526073	-90.242954	-88.786377	78.736203	47.706973	-96.021363	-29.483158	29.983990	25.155764	-3.115627	5.103630	81.304428	77.942792	38.665343	47.465901	-78.851563	74.061402	2.019321	5.190377	-53.918137	23.610772	45.079486	
75	-39.832030	-14.032601	-78.437388	57.583934	36.101268	12.176581	-9.932602	41.846357	55.526073	-90.242954	-88.786377	78.736203	47.706973	-96.021363	-29.483158	29.983990	25.155764	-3.115627	5.103630	81.304428	77.942792	38.665343	47.465901	-78.851563	74.061402	2.019321	5.190377	-53.918137	23.610772	45.079486	
90	-39.832030	-14.032601	-78.437388	57.583934	36.101268	12.176581	-9.932602	41.846357	55.526073	-90.242954	-88.786377	78.736203	47.706973	-96.021363	-29.483158	29.983990	25.155764	-3.115627	5.103630	81.304428	77.942792	38.665343	47.465901	-78.851563	74.061402	2.019321	5.190377	-53.918137	23.610772	45.079486	
105	-39.832030	-14.032601	-78.437388	57.583934	36.101268	12.176581	-9.932602	41.846357	55.526073	-90.242954	-88.786377	78.736203	47.706973	-96.021363	-29.483158	29.983990	25.155764	-3.115627	5.103630	81.304428	77.942792	38.665343	47.465901	-78.851563	74.061402	2.019321	5.190377	-53.918137	23.610772	45.079486	
120	-39.832030	-14.032601	-78.437388	57.583934	36.101268	12.176581	-9.932602	41.846357	55.526073	-90.242954	-88.786377	78.736203	47.706973	-96.021363	-29.483158	29.983990	25.155764	-3.115627	5.103630	81.304428	77.942792	38.665343	47.465901	-78.851563	74.061402	2.019321	5.190377	-53.918137	23.610772	45.079486	
135	-39.832030	-14.032601	-78.437388	57.583934	36.101268	12.176581	-9.932602	41.846357	55.526073	-90.242954	-88.786377	78.736203	47.706973	-96.021363	-29.483158	29.983990	25.155764	-3.115627	5.103630	81.304428	77.942792	38.665343	47.465901	-78.851563	74.061402	2.019321	5.190377	-53.918137	23.610772	45.079486	
150	-39.832030	-14.032601	-78.437388	57.583934	36.101268	12.176581	-9.932602	41.846357	55.526073	-90.242954	-88.786377	78.736203	47.706973	-96.021363	-29.483158	29.983990	25.155764	-3.115627	5.103630	81.304428	77.942792	38.665343	47.465901	-78.851563	74.061402	2.019321	5.190377	-53.918137	23.610772	45.079486	
300	-39.832030	-14.032601	-78.437388	57.583934	36.101268	12.176581	-9.932602	41.846357	55.526073	-90.242954	-88.786377	78.736203	47.706973	-96.021363	-29.483158	29.983990	25.155764	-3.115627	5.103630	81.304428	77.942792	38.665343	47.465901	-78.851563	74.061402	2.019321	5.190377	-53.918137	23.610772	45.079486	
450	-39.832030	-14.032601	-78.437388	57.583934	36.101268	12.176581	-9.932602	41.846357	55.526073	-90.242954	-88.786377	78.736203	47.706973	-96.021363	-29.483158	29.983990	25.155764	-3.115627	5.103630	81.304428	77.942792	38.665343	47.465901	-78.851563	74.061402	2.019321	5.190377	-53.918137	23.610772	45.079486	
600	-39.832030	-14.032601	-78.437388	57.583934	36.101268	12.176581	-9.932602	41.846357	55.526073	-90.242954	-88.786377	78.736203	47.706973	-96.021363	-29.483158	29.983990	25.155764	-3.115627	5.103630	81.304428	77.942792	38.665343	47.465901	-78.851563	74.061402	2.019321	5.190377	-53.918137	23.610772	45.079486	
750	-39.832030	-14.032601	-78.437388	57.583934	36.101268	12.176581	-9.932602	41.846357	55.526073	-90.242954	-88.786377	78.736203	47.706973	-96.021363	-29.483158	29.983990	25.155764	-3.115627	5.103630	81.304428	77.942792	38.665343	47.465901	-78.851563	74.061402	2.019321	5.190377	-53.918137	23.610772	45.079486	
900	-39.832030	-14.032601	-78.437388	57.583934	36.101268	12.176581	-9.932602	41.846357	55.526073	-90.242954	-88.786377	78.736203	47.706973	-96.021363	-29.483158	29.983990	25.155764	-3.115627	5.103630	81.304428	77.942792	38.665343	47.465901	-78.851563	74.061402	2.019321	5.190377	-53.918137	23.610772	45.079486	
1050	-39.832030	-14.032601	-78.437388	57.583934	36.101268	12.176581	-9.932602	41.846357	55.526073	-90.242954	-88.786377	78.736203	47.706973	-96.021363	-29.483158	29.983990	25.155764	-3.115627	5.103630	81.304428	77.942792	38.665343	47.465901	-78.851563	74.061402	2.019321	5.190377	-53.918137	23.610772	45.079486	
1200	-39.832030	-14.032601	-78.437388	57.583934	36.101268	12.176581	-9.932602	41.846357	55.526073	-90.242954	-88.786377	78.736203	47.706973	-96.021363	-29.483158	29.983990	25.155764	-3.115627	5.103630	81.304428	77.942792	38.665343	47.465901	-78.851563	74.061402	2.019321	5.190377	-53.918137	23.610772	45.079486	
1350	-38.946467	70.796817	79.610734	66.831535	-31.319306	-89.623935	-60.267886	71.738830	-10.837032	-78.648321	45.747391	0.554833	18.267364	74.091480	-4.121275	82.384919	-3.978644	-25.635885	1.356430	23.956627	-81.840020	-56.527062	29.662535	-68.203750	-66.600343	77.576576	31.760331	-4.444843	98.830371	-94.234221	
1500	-38.946467	70.796817	79.610734	66.831535	-31.319306	-89.623935	-60.267886	71.738830	-10.837032	-78.648321	45.747391	0.554833	18.267364	74.091480	-4.121275	82.384919	-3.978644	-25.635885	1.356430	23.956627	-81.840020	-56.527062	29.662535	-68.203750	-66.600343	77.576576	31.760331	-4.444843	98.830371	-94.234221	
