%count	x
15	81.861769	-87.944558	-77.230859	-50.796980	-13.002336	-8.532229	-27.606157	60.146439	-38.507362	35.812064	49.625734	-42.106027	-10.569870	38.375636	-95.101400	68.839476	-79.004800	-85.688047	-65.142001	49.942405	-28.205540	-42.257117	3.926039	66.596585	-73.973752	57.882108	-31.331354	-25.401725	-31.121081	-37.573395	
30	81.861769	-87.944558	-77.230859	-50.796980	-13.002336	-8.532229	-27.606157	60.146439	-38.507362	35.812064	49.625734	-42.106027	-10.569870	38.375636	-95.101400	68.839476	-79.004800	-85.688047	-65.142001	49.942405	-28.205540	-42.257117	3.926039	66.596585	-73.973752	57.882108	-31.331354	-25.401725	-31.121081	-37.573395	
45	95.719190	61.343281	50.905097	21.211556	33.673927	28.992835	34.857761	63.068986	92.530558	-18.925403	-12.887011	-15.176578	30.046036	-59.343546	85.059662	99.559204	6.243852	-21.385526	39.515643	50.214263	92.964737	24.342210	20.263060	26.886399	51.987777	63.032206	-38.618276	86.654638	23.762051	3.323767	
60	95.719190	61.343281	50.905097	21.211556	33.673927	28.992835	34.857761	63.068986	92.530558	-18.925403	-12.887011	-15.176578	30.046036	-59.343546	85.059662	99.559204	6.243852	-21.385526	39.515643	50.214263	92.964737	24.342210	20.263060	26.886399	51.987777	63.032206	-38.618276	86.654638	23.762051	3.323767	
75	21.202405	6.030233	22.311235	34.119757	-33.223884	-70.064840	71.799150	-58.130023	-64.527227	12.950150	79.771936	75.351959	-67.446401	-7.411199	-99.935587	-69.953476	-34.055047	-12.890686	60.237807	-43.220564	6.491476	-22.727675	-40.892061	3.098757	-39.985712	-8.768702	-2.146821	61.050268	92.192766	51.783139	
90	21.202405	6.030233	22.311235	34.119757	-33.223884	-70.064840	71.799150	-58.130023	-64.527227	12.950150	79.771936	75.351959	-67.446401	-7.411199	-99.935587	-69.953476	-34.055047	-12.890686	60.237807	-43.220564	6.491476	-22.727675	-40.892061	3.098757	-39.985712	-8.768702	-2.146821	61.050268	92.192766	51.783139	
105	-89.852760	20.685349	86.314466	39.072925	-52.371915	-28.005929	80.448205	80.944897	-57.263515	-44.214917	84.140446	-70.960315	-74.894770	-32.617700	19.137170	-8.547033	51.348801	-23.142227	-4.371959	-65.244172	29.308548	-50.336560	-87.945102	61.081387	40.471678	32.998597	22.878831	99.267107	31.755541	8.427310	
120	-89.852760	20.685349	86.314466	39.072925	-52.371915	-28.005929	80.448205	80.944897	-57.263515	-44.214917	84.140446	-70.960315	-74.894770	-32.617700	19.137170	-8.547033	51.348801	-23.142227	-4.371959	-65.244172	29.308548	-50.336560	-87.945102	61.081387	40.471678	32.998597	22.878831	99.267107	31.755541	8.427310	
135	-89.852760	20.685349	86.314466	39.072925	-52.371915	-28.005929	80.448205	80.944897	-57.263515	-44.214917	84.140446	-70.960315	-74.894770	-32.617700	19.137170	-8.547033	51.348801	-23.142227	-4.371959	-65.244172	29.308548	-50.336560	-87.945102	61.081387	40.471678	32.998597	22.878831	99.267107	31.755541	8.427310	
150	-89.852760	20.685349	86.314466	39.072925	-52.371915	-28.005929	80.448205	80.944897	-57.263515	-44.214917	84.140446	-70.960315	-74.894770	-32.617700	19.137170	-8.547033	51.348801	-23.142227	-4.371959	-65.244172	29.308548	-50.336560	-87.945102	61.081387	40.471678	32.998597	22.878831	99.267107	31.755541	8.427310	
300	-33.192318	-32.383539	85.514124	35.720715	3.764613	2.341290	-75.299050	96.193475	98.780221	-55.572204	-18.282845	3.664639	-87.291414	-23.297056	-36.522320	56.183311	40.652356	55.633765	62.146416	41.263328	78.608373	61.269896	-38.870772	-98.170014	22.949179	20.472135	8.707253	59.325093	-11.612217	72.433976	
450	-33.192318	-32.383539	85.514124	35.720715	3.764613	2.341290	-75.299050	96.193475	98.780221	-55.572204	-18.282845	3.664639	-87.291414	-23.297056	-36.522320	56.183311	40.652356	55.633765	62.146416	41.263328	78.608373	61.269896	-38.870772	-98.170014	22.949179	20.472135	8.707253	59.325093	-11.612217	72.433976	
600	-33.192318	-32.383539	85.514124	35.720715	3.764613	2.341290	-75.299050	96.193475	98.780221	-55.572204	-18.282845	3.664639	-87.291414	-23.297056	-36.522320	56.183311	40.652356	55.633765	62.146416	41.263328	78.608373	61.269896	-38.870772	-98.170014	22.949179	20.472135	8.707253	59.325093	-11.612217	72.433976	
750	-33.192318	-32.383539	85.514124	35.720715	3.764613	2.341290	-75.299050	96.193475	98.780221	-55.572204	-18.282845	3.664639	-87.291414	-23.297056	-36.522320	56.183311	40.652356	55.633765	62.146416	41.263328	78.608373	61.269896	-38.870772	-98.170014	22.949179	20.472135	8.707253	59.325093	-11.612217	72.433976	
900	-33.192318	-32.383539	85.514124	35.720715	3.764613	2.341290	-75.299050	96.193475	98.780221	-55.572204	-18.282845	3.664639	-87.291414	-23.297056	-36.522320	56.183311	40.652356	55.633765	62.146416	41.263328	78.608373	61.269896	-38.870772	-98.170014	22.949179	20.472135	8.707253	59.325093	-11.612217	72.433976	
1050	-33.192318	-32.383539	85.514124	35.720715	3.764613	2.341290	-75.299050	96.193475	98.780221	-55.572204	-18.282845	3.664639	-87.291414	-23.297056	-36.522320	56.183311	40.652356	55.633765	62.146416	41.263328	78.608373	61.269896	-38.870772	-98.170014	22.949179	20.472135	8.707253	59.325093	-11.612217	72.433976	
1200	-33.192318	-32.383539	85.514124	35.720715	3.764613	2.341290	-75.299050	96.193475	98.780221	-55.572204	-18.282845	3.664639	-87.291414	-23.297056	-36.522320	56.183311	40.652356	55.633765	62.146416	41.263328	78.608373	61.269896	-38.870772	-98.170014	22.949179	20.472135	8.707253	59.325093	-11.612217	72.433976	
1350	-38.326461	-13.058826	77.974904	51.641941	39.508705	8.841401	43.260609	-82.032995	19.409321	-86.775574	35.268862	48.135268	-1.339470	14.387437	-27.352687	21.843060	-86.727876	7.156841	91.619550	10.602940	73.342957	45.381931	-52.417236	-45.596436	15.167616	-19.489574	76.085159	17.422534	16.412213	8.818286	
1500	-38.326461	-13.058826	77.974904	51.641941	39.508705	8.841401	43.260609	-82.032995	19.409321	-86.775574	35.268862	48.135268	-1.339470	14.387437	-27.352687	21.843060	-86.727876	7.156841	91.619550	10.602940	73.342957	45.381931	-52.417236	-45.596436	15.167616	-19.489574	76.085159	17.422534	16.412213	8.818286	
