     % Run	                   5	                  10	                  15	                  20	                  25	                  30	                  35	                  40	                  45	                  50	                 100	                 150	                 200	                 250	                 300	                 350	                 400	                 450	                 500	
         1	        4.280503e+03	        3.210838e+03	        3.210838e+03	        3.210838e+03	        3.210838e+03	        3.210838e+03	        1.977436e+03	        1.977436e+03	        1.977436e+03	        1.977436e+03	        1.922197e+03	        1.922197e+03	        1.922197e+03	        1.922197e+03	        1.922197e+03	        1.922197e+03	        1.922197e+03	        1.922197e+03	        1.782324e+03	
         2	        3.199176e+03	        3.199176e+03	        2.362798e+03	        2.362798e+03	        2.362798e+03	        2.362798e+03	        2.362798e+03	        2.362798e+03	        2.362798e+03	        2.362798e+03	        2.362798e+03	        1.747776e+03	        1.747776e+03	        1.747776e+03	        1.747776e+03	        1.747776e+03	        1.747776e+03	        1.747776e+03	        1.747776e+03	
         3	        2.188159e+03	        2.188159e+03	        2.188159e+03	        2.188159e+03	        2.188159e+03	        2.188159e+03	        2.188159e+03	        2.188159e+03	        2.188159e+03	        2.188159e+03	        2.146125e+03	        2.146125e+03	        2.146125e+03	        2.146125e+03	        2.146125e+03	        2.146125e+03	        2.146125e+03	        2.146125e+03	        2.146125e+03	
         4	        3.041370e+03	        3.041370e+03	        3.041370e+03	        2.162874e+03	        2.162874e+03	        2.162874e+03	        2.162874e+03	        2.162874e+03	        2.162874e+03	        2.162874e+03	        1.815573e+03	        1.815573e+03	        1.815573e+03	        1.815573e+03	        1.815573e+03	        1.815573e+03	        1.815573e+03	        1.815573e+03	        1.815573e+03	
         5	        4.440759e+03	        2.913564e+03	        2.913564e+03	        2.913564e+03	        2.913564e+03	        2.370086e+03	        2.370086e+03	        2.301471e+03	        2.301471e+03	        2.301471e+03	        2.301471e+03	        2.076269e+03	        2.040572e+03	        1.774506e+03	        1.774506e+03	        1.774506e+03	        1.684713e+03	        1.684713e+03	        1.684713e+03	
         6	        1.943381e+03	        1.943381e+03	        1.943381e+03	        1.943381e+03	        1.943381e+03	        1.943381e+03	        1.943381e+03	        1.943381e+03	        1.943381e+03	        1.943381e+03	        1.943381e+03	        1.943381e+03	        1.786951e+03	        1.786951e+03	        1.786951e+03	        1.786951e+03	        1.786951e+03	        1.786951e+03	        1.786951e+03	
         7	        5.037941e+03	        4.262431e+03	        2.137643e+03	        2.137643e+03	        2.137643e+03	        2.137643e+03	        2.137643e+03	        2.137643e+03	        2.137643e+03	        2.137643e+03	        1.998172e+03	        1.853265e+03	        1.853265e+03	        1.853265e+03	        1.853265e+03	        1.853265e+03	        1.853265e+03	        1.853265e+03	        1.853265e+03	
         8	        5.480873e+03	        4.357328e+03	        2.456455e+03	        2.456455e+03	        2.456455e+03	        2.171084e+03	        2.032103e+03	        2.032103e+03	        2.032103e+03	        2.032103e+03	        2.032103e+03	        1.701732e+03	        1.701732e+03	        1.701732e+03	        1.701732e+03	        1.701732e+03	        1.701732e+03	        1.701732e+03	        1.701732e+03	
         9	        6.585358e+03	        2.472488e+03	        2.472488e+03	        2.472488e+03	        2.472488e+03	        2.472488e+03	        2.472488e+03	        2.472488e+03	        2.472488e+03	        2.472488e+03	        2.024874e+03	        2.024874e+03	        2.024874e+03	        2.024874e+03	        1.854599e+03	        1.854599e+03	        1.854599e+03	        1.739912e+03	        1.739912e+03	
        10	        4.461694e+03	        4.461694e+03	        4.461694e+03	        2.520408e+03	        2.520408e+03	        2.520408e+03	        2.520408e+03	        2.520408e+03	        2.520408e+03	        2.520408e+03	        2.520408e+03	        2.466763e+03	        2.241116e+03	        2.241116e+03	        1.903969e+03	        1.903969e+03	        1.903969e+03	        1.855383e+03	        1.855383e+03	
        11	        3.099696e+03	        3.099696e+03	        3.099696e+03	        3.099696e+03	        3.099696e+03	        3.099696e+03	        3.099696e+03	        2.104896e+03	        2.104896e+03	        2.104896e+03	        2.104896e+03	        2.104896e+03	        2.104896e+03	        2.104896e+03	        1.793368e+03	        1.793368e+03	        1.793368e+03	        1.793368e+03	        1.793368e+03	
        12	        2.606696e+03	        2.606696e+03	        2.606696e+03	        2.606696e+03	        2.029395e+03	        2.029395e+03	        2.029395e+03	        2.029395e+03	        2.029395e+03	        2.029395e+03	        2.020539e+03	        2.020539e+03	        1.842133e+03	        1.767130e+03	        1.767130e+03	        1.767130e+03	        1.767130e+03	        1.767130e+03	        1.767130e+03	
        13	        3.459639e+03	        2.848272e+03	        2.848272e+03	        2.848272e+03	        2.848272e+03	        2.848272e+03	        2.848272e+03	        2.848272e+03	        2.848272e+03	        2.848272e+03	        2.828642e+03	        2.191688e+03	        2.191688e+03	        2.191688e+03	        2.191688e+03	        2.139936e+03	        2.139936e+03	        1.837895e+03	        1.837895e+03	
        14	        6.617555e+03	        4.821254e+03	        4.821254e+03	        4.821254e+03	        3.236935e+03	        3.236935e+03	        2.262380e+03	        2.262380e+03	        2.262380e+03	        2.262380e+03	        2.074713e+03	        2.074713e+03	        2.074713e+03	        2.074713e+03	        2.074713e+03	        1.825991e+03	        1.825991e+03	        1.825991e+03	        1.825991e+03	
        15	        2.755436e+03	        2.755436e+03	        2.734361e+03	        2.660107e+03	        2.660107e+03	        2.308880e+03	        2.308880e+03	        2.308880e+03	        2.308880e+03	        2.308880e+03	        1.807902e+03	        1.807902e+03	        1.807902e+03	        1.807902e+03	        1.807902e+03	        1.807902e+03	        1.807902e+03	        1.807902e+03	        1.807902e+03	
        16	        3.804153e+03	        3.804153e+03	        3.626543e+03	        3.626543e+03	        3.626543e+03	        3.447584e+03	        3.447584e+03	        2.926495e+03	        2.926495e+03	        2.926495e+03	        2.190561e+03	        2.190561e+03	        2.190561e+03	        2.190561e+03	        1.685260e+03	        1.685260e+03	        1.685260e+03	        1.685260e+03	        1.685260e+03	
        17	        3.604981e+03	        3.257263e+03	        2.329680e+03	        2.071898e+03	        2.071898e+03	        2.071898e+03	        2.071898e+03	        2.071898e+03	        2.071898e+03	        2.071898e+03	        2.071898e+03	        2.071898e+03	        1.813949e+03	        1.813949e+03	        1.813949e+03	        1.813949e+03	        1.813949e+03	        1.813949e+03	        1.813949e+03	
        18	        4.976909e+03	        3.410391e+03	        3.410391e+03	        3.410391e+03	        3.036959e+03	        3.036959e+03	        3.036959e+03	        2.196924e+03	        2.196924e+03	        2.196924e+03	        2.196924e+03	        2.196924e+03	        1.773108e+03	        1.773108e+03	        1.773108e+03	        1.773108e+03	        1.773108e+03	        1.773108e+03	        1.773108e+03	
        19	        2.561653e+03	        2.561653e+03	        2.244164e+03	        2.244164e+03	        2.244164e+03	        2.244164e+03	        2.244164e+03	        2.244164e+03	        2.244164e+03	        2.244164e+03	        2.244164e+03	        2.244164e+03	        2.198202e+03	        1.830964e+03	        1.830964e+03	        1.813809e+03	        1.813809e+03	        1.813809e+03	        1.813809e+03	
        20	        4.639168e+03	        2.564916e+03	        1.933110e+03	        1.933110e+03	        1.933110e+03	        1.933110e+03	        1.853721e+03	        1.853721e+03	        1.853721e+03	        1.853721e+03	        1.853721e+03	        1.853721e+03	        1.853721e+03	        1.853721e+03	        1.853721e+03	        1.811787e+03	        1.811787e+03	        1.811787e+03	        1.811787e+03	
