%count	x
15	-78.009551	2.672086	-49.561598	66.408257	36.777679	-99.375255	18.165662	-28.287046	-84.489882	51.467815	62.411590	8.056287	20.476184	3.142983	11.483646	-83.818094	57.898114	4.834068	59.627713	-67.463962	-41.007237	-71.067149	-29.095386	-74.592549	17.079163	-36.849186	63.622637	-56.767797	-85.365340	35.767054	
30	-78.009551	2.672086	-49.561598	66.408257	36.777679	-99.375255	18.165662	-28.287046	-84.489882	51.467815	62.411590	8.056287	20.476184	3.142983	11.483646	-83.818094	57.898114	4.834068	59.627713	-67.463962	-41.007237	-71.067149	-29.095386	-74.592549	17.079163	-36.849186	63.622637	-56.767797	-85.365340	35.767054	
45	52.167102	-99.072875	71.833860	-36.537739	24.674682	-81.688882	-78.158509	6.821933	23.744076	12.044596	-15.075665	-29.929549	16.810662	-39.291085	27.817812	-51.790428	-24.825370	-4.573304	-30.308216	-71.881864	32.388313	-45.867115	-44.121321	-40.732979	-98.975856	26.625978	30.007539	91.916210	41.548820	69.026999	
60	52.167102	-99.072875	71.833860	-36.537739	24.674682	-81.688882	-78.158509	6.821933	23.744076	12.044596	-15.075665	-29.929549	16.810662	-39.291085	27.817812	-51.790428	-24.825370	-4.573304	-30.308216	-71.881864	32.388313	-45.867115	-44.121321	-40.732979	-98.975856	26.625978	30.007539	91.916210	41.548820	69.026999	
75	52.167102	-99.072875	71.833860	-36.537739	24.674682	-81.688882	-78.158509	6.821933	23.744076	12.044596	-15.075665	-29.929549	16.810662	-39.291085	27.817812	-51.790428	-24.825370	-4.573304	-30.308216	-71.881864	32.388313	-45.867115	-44.121321	-40.732979	-98.975856	26.625978	30.007539	91.916210	41.548820	69.026999	
90	52.167102	-99.072875	71.833860	-36.537739	24.674682	-81.688882	-78.158509	6.821933	23.744076	12.044596	-15.075665	-29.929549	16.810662	-39.291085	27.817812	-51.790428	-24.825370	-4.573304	-30.308216	-71.881864	32.388313	-45.867115	-44.121321	-40.732979	-98.975856	26.625978	30.007539	91.916210	41.548820	69.026999	
105	52.167102	-99.072875	71.833860	-36.537739	24.674682	-81.688882	-78.158509	6.821933	23.744076	12.044596	-15.075665	-29.929549	16.810662	-39.291085	27.817812	-51.790428	-24.825370	-4.573304	-30.308216	-71.881864	32.388313	-45.867115	-44.121321	-40.732979	-98.975856	26.625978	30.007539	91.916210	41.548820	69.026999	
120	52.167102	-99.072875	71.833860	-36.537739	24.674682	-81.688882	-78.158509	6.821933	23.744076	12.044596	-15.075665	-29.929549	16.810662	-39.291085	27.817812	-51.790428	-24.825370	-4.573304	-30.308216	-71.881864	32.388313	-45.867115	-44.121321	-40.732979	-98.975856	26.625978	30.007539	91.916210	41.548820	69.026999	
135	8.859965	17.293806	85.797086	58.105863	-63.143438	-27.395250	-45.056319	75.157622	-96.703588	-58.905512	-71.935245	32.041720	49.358295	73.773619	-17.676119	-65.530013	64.477725	-80.472062	87.916129	-39.317152	83.137211	-96.686148	30.294611	-78.769323	-88.825789	7.259706	35.899798	-58.147017	13.356556	-9.934739	
150	8.859965	17.293806	85.797086	58.105863	-63.143438	-27.395250	-45.056319	75.157622	-96.703588	-58.905512	-71.935245	32.041720	49.358295	73.773619	-17.676119	-65.530013	64.477725	-80.472062	87.916129	-39.317152	83.137211	-96.686148	30.294611	-78.769323	-88.825789	7.259706	35.899798	-58.147017	13.356556	-9.934739	
300	47.824704	-69.839924	10.326103	33.353523	86.042500	-39.931541	98.194970	45.357081	-59.964235	-7.688460	44.910451	-68.552475	27.648162	30.601738	18.322154	41.188052	31.805327	23.527817	-14.269790	8.802430	5.072861	21.842567	-46.176452	-24.992017	-64.778106	65.186376	24.014790	-20.638702	-24.584172	91.606392	
450	47.824704	-69.839924	10.326103	33.353523	86.042500	-39.931541	98.194970	45.357081	-59.964235	-7.688460	44.910451	-68.552475	27.648162	30.601738	18.322154	41.188052	31.805327	23.527817	-14.269790	8.802430	5.072861	21.842567	-46.176452	-24.992017	-64.778106	65.186376	24.014790	-20.638702	-24.584172	91.606392	
600	47.824704	-69.839924	10.326103	33.353523	86.042500	-39.931541	98.194970	45.357081	-59.964235	-7.688460	44.910451	-68.552475	27.648162	30.601738	18.322154	41.188052	31.805327	23.527817	-14.269790	8.802430	5.072861	21.842567	-46.176452	-24.992017	-64.778106	65.186376	24.014790	-20.638702	-24.584172	91.606392	
750	47.824704	-69.839924	10.326103	33.353523	86.042500	-39.931541	98.194970	45.357081	-59.964235	-7.688460	44.910451	-68.552475	27.648162	30.601738	18.322154	41.188052	31.805327	23.527817	-14.269790	8.802430	5.072861	21.842567	-46.176452	-24.992017	-64.778106	65.186376	24.014790	-20.638702	-24.584172	91.606392	
900	47.824704	-69.839924	10.326103	33.353523	86.042500	-39.931541	98.194970	45.357081	-59.964235	-7.688460	44.910451	-68.552475	27.648162	30.601738	18.322154	41.188052	31.805327	23.527817	-14.269790	8.802430	5.072861	21.842567	-46.176452	-24.992017	-64.778106	65.186376	24.014790	-20.638702	-24.584172	91.606392	
1050	47.824704	-69.839924	10.326103	33.353523	86.042500	-39.931541	98.194970	45.357081	-59.964235	-7.688460	44.910451	-68.552475	27.648162	30.601738	18.322154	41.188052	31.805327	23.527817	-14.269790	8.802430	5.072861	21.842567	-46.176452	-24.992017	-64.778106	65.186376	24.014790	-20.638702	-24.584172	91.606392	
1200	47.824704	-69.839924	10.326103	33.353523	86.042500	-39.931541	98.194970	45.357081	-59.964235	-7.688460	44.910451	-68.552475	27.648162	30.601738	18.322154	41.188052	31.805327	23.527817	-14.269790	8.802430	5.072861	21.842567	-46.176452	-24.992017	-64.778106	65.186376	24.014790	-20.638702	-24.584172	91.606392	
1350	47.824704	-69.839924	10.326103	33.353523	86.042500	-39.931541	98.194970	45.357081	-59.964235	-7.688460	44.910451	-68.552475	27.648162	30.601738	18.322154	41.188052	31.805327	23.527817	-14.269790	8.802430	5.072861	21.842567	-46.176452	-24.992017	-64.778106	65.186376	24.014790	-20.638702	-24.584172	91.606392	
1500	47.824704	-69.839924	10.326103	33.353523	86.042500	-39.931541	98.194970	45.357081	-59.964235	-7.688460	44.910451	-68.552475	27.648162	30.601738	18.322154	41.188052	31.805327	23.527817	-14.269790	8.802430	5.072861	21.842567	-46.176452	-24.992017	-64.778106	65.186376	24.014790	-20.638702	-24.584172	91.606392	
