%count	x
15	-58.603192	-44.914503	9.258220	74.157489	-44.172921	92.213377	10.215481	-90.109010	41.248570	-59.966186	24.422124	-69.246773	36.078449	30.421035	41.884763	-26.045820	-38.148790	-14.910184	-35.499355	58.050272	-94.143252	-59.126296	94.800201	-47.265241	-75.634654	35.918890	-68.712966	51.280659	-23.175069	-66.814118	
30	-58.603192	-44.914503	9.258220	74.157489	-44.172921	92.213377	10.215481	-90.109010	41.248570	-59.966186	24.422124	-69.246773	36.078449	30.421035	41.884763	-26.045820	-38.148790	-14.910184	-35.499355	58.050272	-94.143252	-59.126296	94.800201	-47.265241	-75.634654	35.918890	-68.712966	51.280659	-23.175069	-66.814118	
45	-58.603192	-44.914503	9.258220	74.157489	-44.172921	92.213377	10.215481	-90.109010	41.248570	-59.966186	24.422124	-69.246773	36.078449	30.421035	41.884763	-26.045820	-38.148790	-14.910184	-35.499355	58.050272	-94.143252	-59.126296	94.800201	-47.265241	-75.634654	35.918890	-68.712966	51.280659	-23.175069	-66.814118	
60	-58.603192	-44.914503	9.258220	74.157489	-44.172921	92.213377	10.215481	-90.109010	41.248570	-59.966186	24.422124	-69.246773	36.078449	30.421035	41.884763	-26.045820	-38.148790	-14.910184	-35.499355	58.050272	-94.143252	-59.126296	94.800201	-47.265241	-75.634654	35.918890	-68.712966	51.280659	-23.175069	-66.814118	
75	-58.603192	-44.914503	9.258220	74.157489	-44.172921	92.213377	10.215481	-90.109010	41.248570	-59.966186	24.422124	-69.246773	36.078449	30.421035	41.884763	-26.045820	-38.148790	-14.910184	-35.499355	58.050272	-94.143252	-59.126296	94.800201	-47.265241	-75.634654	35.918890	-68.712966	51.280659	-23.175069	-66.814118	
90	-58.603192	-44.914503	9.258220	74.157489	-44.172921	92.213377	10.215481	-90.109010	41.248570	-59.966186	24.422124	-69.246773	36.078449	30.421035	41.884763	-26.045820	-38.148790	-14.910184	-35.499355	58.050272	-94.143252	-59.126296	94.800201	-47.265241	-75.634654	35.918890	-68.712966	51.280659	-23.175069	-66.814118	
105	-67.107561	66.510836	35.747453	91.998521	18.083226	90.866814	20.744825	67.349448	-43.954685	-47.943015	-78.883784	-30.668974	75.337420	-65.234572	89.241457	43.682870	74.234251	16.689348	-98.379676	54.976592	-91.042679	92.570950	-4.360298	-95.413415	-46.921259	26.311922	68.824213	-23.273462	59.030727	-53.917079	
120	-67.107561	66.510836	35.747453	91.998521	18.083226	90.866814	20.744825	67.349448	-43.954685	-47.943015	-78.883784	-30.668974	75.337420	-65.234572	89.241457	43.682870	74.234251	16.689348	-98.379676	54.976592	-91.042679	92.570950	-4.360298	-95.413415	-46.921259	26.311922	68.824213	-23.273462	59.030727	-53.917079	
135	-67.107561	66.510836	35.747453	91.998521	18.083226	90.866814	20.744825	67.349448	-43.954685	-47.943015	-78.883784	-30.668974	75.337420	-65.234572	89.241457	43.682870	74.234251	16.689348	-98.379676	54.976592	-91.042679	92.570950	-4.360298	-95.413415	-46.921259	26.311922	68.824213	-23.273462	59.030727	-53.917079	
150	-67.107561	66.510836	35.747453	91.998521	18.083226	90.866814	20.744825	67.349448	-43.954685	-47.943015	-78.883784	-30.668974	75.337420	-65.234572	89.241457	43.682870	74.234251	16.689348	-98.379676	54.976592	-91.042679	92.570950	-4.360298	-95.413415	-46.921259	26.311922	68.824213	-23.273462	59.030727	-53.917079	
300	73.068784	66.827089	51.024854	-83.416306	-5.264949	10.503224	26.841462	-84.024982	-4.891643	-86.859002	-78.508930	-12.005137	-76.386310	70.025249	5.683762	83.255763	38.634880	29.058376	50.583250	-97.757588	7.821213	-23.157312	68.851292	-95.062852	-82.370242	-38.459903	-11.854362	-67.174957	76.357540	15.582721	
450	73.068784	66.827089	51.024854	-83.416306	-5.264949	10.503224	26.841462	-84.024982	-4.891643	-86.859002	-78.508930	-12.005137	-76.386310	70.025249	5.683762	83.255763	38.634880	29.058376	50.583250	-97.757588	7.821213	-23.157312	68.851292	-95.062852	-82.370242	-38.459903	-11.854362	-67.174957	76.357540	15.582721	
600	73.068784	66.827089	51.024854	-83.416306	-5.264949	10.503224	26.841462	-84.024982	-4.891643	-86.859002	-78.508930	-12.005137	-76.386310	70.025249	5.683762	83.255763	38.634880	29.058376	50.583250	-97.757588	7.821213	-23.157312	68.851292	-95.062852	-82.370242	-38.459903	-11.854362	-67.174957	76.357540	15.582721	
750	-89.939118	-62.814879	-21.099749	-19.014616	39.135540	-96.332857	-68.860259	32.024467	99.100041	33.052690	65.502406	-40.732854	-14.186058	69.536971	21.599673	68.440168	-80.315199	33.671986	-59.250023	66.257145	-10.474508	-45.252825	94.070467	43.931855	30.816491	0.317223	-69.961502	34.627711	76.319541	-78.015354	
900	-89.939118	-62.814879	-21.099749	-19.014616	39.135540	-96.332857	-68.860259	32.024467	99.100041	33.052690	65.502406	-40.732854	-14.186058	69.536971	21.599673	68.440168	-80.315199	33.671986	-59.250023	66.257145	-10.474508	-45.252825	94.070467	43.931855	30.816491	0.317223	-69.961502	34.627711	76.319541	-78.015354	
1050	-89.939118	-62.814879	-21.099749	-19.014616	39.135540	-96.332857	-68.860259	32.024467	99.100041	33.052690	65.502406	-40.732854	-14.186058	69.536971	21.599673	68.440168	-80.315199	33.671986	-59.250023	66.257145	-10.474508	-45.252825	94.070467	43.931855	30.816491	0.317223	-69.961502	34.627711	76.319541	-78.015354	
1200	-89.939118	-62.814879	-21.099749	-19.014616	39.135540	-96.332857	-68.860259	32.024467	99.100041	33.052690	65.502406	-40.732854	-14.186058	69.536971	21.599673	68.440168	-80.315199	33.671986	-59.250023	66.257145	-10.474508	-45.252825	94.070467	43.931855	30.816491	0.317223	-69.961502	34.627711	76.319541	-78.015354	
1350	-89.939118	-62.814879	-21.099749	-19.014616	39.135540	-96.332857	-68.860259	32.024467	99.100041	33.052690	65.502406	-40.732854	-14.186058	69.536971	21.599673	68.440168	-80.315199	33.671986	-59.250023	66.257145	-10.474508	-45.252825	94.070467	43.931855	30.816491	0.317223	-69.961502	34.627711	76.319541	-78.015354	
1500	-89.939118	-62.814879	-21.099749	-19.014616	39.135540	-96.332857	-68.860259	32.024467	99.100041	33.052690	65.502406	-40.732854	-14.186058	69.536971	21.599673	68.440168	-80.315199	33.671986	-59.250023	66.257145	-10.474508	-45.252825	94.070467	43.931855	30.816491	0.317223	-69.961502	34.627711	76.319541	-78.015354	
