%count	x
15	4.577519	33.295597	-2.732631	75.192538	-10.114404	44.386833	6.688981	21.211417	-50.465809	46.630960	-20.020094	0.967470	-10.817984	-95.014044	63.647027	41.160569	-2.933683	73.129695	29.340821	-47.670586	37.280878	38.007008	56.876707	99.088053	-60.107764	-72.604636	13.609691	-81.185868	-90.885637	-71.337379	
30	4.577519	33.295597	-2.732631	75.192538	-10.114404	44.386833	6.688981	21.211417	-50.465809	46.630960	-20.020094	0.967470	-10.817984	-95.014044	63.647027	41.160569	-2.933683	73.129695	29.340821	-47.670586	37.280878	38.007008	56.876707	99.088053	-60.107764	-72.604636	13.609691	-81.185868	-90.885637	-71.337379	
45	4.577519	33.295597	-2.732631	75.192538	-10.114404	44.386833	6.688981	21.211417	-50.465809	46.630960	-20.020094	0.967470	-10.817984	-95.014044	63.647027	41.160569	-2.933683	73.129695	29.340821	-47.670586	37.280878	38.007008	56.876707	99.088053	-60.107764	-72.604636	13.609691	-81.185868	-90.885637	-71.337379	
60	4.577519	33.295597	-2.732631	75.192538	-10.114404	44.386833	6.688981	21.211417	-50.465809	46.630960	-20.020094	0.967470	-10.817984	-95.014044	63.647027	41.160569	-2.933683	73.129695	29.340821	-47.670586	37.280878	38.007008	56.876707	99.088053	-60.107764	-72.604636	13.609691	-81.185868	-90.885637	-71.337379	
75	4.577519	33.295597	-2.732631	75.192538	-10.114404	44.386833	6.688981	21.211417	-50.465809	46.630960	-20.020094	0.967470	-10.817984	-95.014044	63.647027	41.160569	-2.933683	73.129695	29.340821	-47.670586	37.280878	38.007008	56.876707	99.088053	-60.107764	-72.604636	13.609691	-81.185868	-90.885637	-71.337379	
90	4.577519	33.295597	-2.732631	75.192538	-10.114404	44.386833	6.688981	21.211417	-50.465809	46.630960	-20.020094	0.967470	-10.817984	-95.014044	63.647027	41.160569	-2.933683	73.129695	29.340821	-47.670586	37.280878	38.007008	56.876707	99.088053	-60.107764	-72.604636	13.609691	-81.185868	-90.885637	-71.337379	
105	4.577519	33.295597	-2.732631	75.192538	-10.114404	44.386833	6.688981	21.211417	-50.465809	46.630960	-20.020094	0.967470	-10.817984	-95.014044	63.647027	41.160569	-2.933683	73.129695	29.340821	-47.670586	37.280878	38.007008	56.876707	99.088053	-60.107764	-72.604636	13.609691	-81.185868	-90.885637	-71.337379	
120	4.577519	33.295597	-2.732631	75.192538	-10.114404	44.386833	6.688981	21.211417	-50.465809	46.630960	-20.020094	0.967470	-10.817984	-95.014044	63.647027	41.160569	-2.933683	73.129695	29.340821	-47.670586	37.280878	38.007008	56.876707	99.088053	-60.107764	-72.604636	13.609691	-81.185868	-90.885637	-71.337379	
135	4.577519	33.295597	-2.732631	75.192538	-10.114404	44.386833	6.688981	21.211417	-50.465809	46.630960	-20.020094	0.967470	-10.817984	-95.014044	63.647027	41.160569	-2.933683	73.129695	29.340821	-47.670586	37.280878	38.007008	56.876707	99.088053	-60.107764	-72.604636	13.609691	-81.185868	-90.885637	-71.337379	
150	4.577519	33.295597	-2.732631	75.192538	-10.114404	44.386833	6.688981	21.211417	-50.465809	46.630960	-20.020094	0.967470	-10.817984	-95.014044	63.647027	41.160569	-2.933683	73.129695	29.340821	-47.670586	37.280878	38.007008	56.876707	99.088053	-60.107764	-72.604636	13.609691	-81.185868	-90.885637	-71.337379	
300	-26.617055	-66.896376	91.588929	46.796516	92.968740	-7.297448	-19.502185	56.542094	61.891222	-14.770397	-34.499764	-99.529973	-88.050227	-92.927773	81.051617	12.981270	71.782900	2.805723	19.151116	90.419327	68.977689	56.846533	-86.549363	-26.892168	-35.696003	54.020457	-71.426967	-69.321755	-81.235446	41.388746	
450	90.148453	28.144685	65.244077	28.488247	-30.969228	36.560801	14.225977	68.221981	-13.172835	-97.214689	-77.890488	36.155166	-47.301181	-43.498229	-21.125837	-89.805740	66.332969	0.412531	93.910105	74.570854	6.364397	67.706574	-84.671735	-3.531171	19.185955	-28.607996	59.766707	50.717141	34.964443	80.841944	
600	58.962943	-41.456436	-60.226563	-12.878018	96.166326	58.835582	46.069375	41.899183	-42.280775	73.575707	86.725964	25.334559	37.675149	-82.580049	-18.171726	-45.526978	-28.696424	-40.718880	7.643681	-84.840634	51.846220	61.915149	68.723998	-26.592099	47.843284	-45.600881	70.868713	96.455257	7.431959	64.460910	
750	-32.624674	67.144373	85.644864	5.815225	-93.188583	-18.294737	-60.332889	-6.960466	38.566225	-2.388208	-37.980500	-70.687583	-90.609645	-22.454548	-49.942360	47.599259	49.243151	16.829164	95.100724	-87.583872	0.494183	-10.651196	-19.133744	-21.472265	86.931679	-59.391038	-49.290637	-57.923537	-82.673662	-1.699958	
900	-32.624674	67.144373	85.644864	5.815225	-93.188583	-18.294737	-60.332889	-6.960466	38.566225	-2.388208	-37.980500	-70.687583	-90.609645	-22.454548	-49.942360	47.599259	49.243151	16.829164	95.100724	-87.583872	0.494183	-10.651196	-19.133744	-21.472265	86.931679	-59.391038	-49.290637	-57.923537	-82.673662	-1.699958	
1050	-98.498299	-51.579365	-64.194875	35.017154	60.128500	-46.469546	36.471151	22.338662	-60.508242	-55.722822	8.005833	61.267575	27.759529	-76.513903	-60.137733	88.541188	65.770692	71.907775	52.924550	-3.583091	47.568058	86.388533	14.208474	25.930730	1.814402	-80.895828	46.085942	-10.783786	5.129695	-81.644269	
1200	-98.498299	-51.579365	-64.194875	35.017154	60.128500	-46.469546	36.471151	22.338662	-60.508242	-55.722822	8.005833	61.267575	27.759529	-76.513903	-60.137733	88.541188	65.770692	71.907775	52.924550	-3.583091	47.568058	86.388533	14.208474	25.930730	1.814402	-80.895828	46.085942	-10.783786	5.129695	-81.644269	
1350	-98.498299	-51.579365	-64.194875	35.017154	60.128500	-46.469546	36.471151	22.338662	-60.508242	-55.722822	8.005833	61.267575	27.759529	-76.513903	-60.137733	88.541188	65.770692	71.907775	52.924550	-3.583091	47.568058	86.388533	14.208474	25.930730	1.814402	-80.895828	46.085942	-10.783786	5.129695	-81.644269	
1500	29.942909	73.501727	-8.401331	71.005250	70.007539	3.477169	-84.826745	16.278142	78.157427	28.384224	88.305826	90.515320	-73.821824	82.745873	64.178245	85.880791	63.296870	-3.242394	15.471438	15.825748	41.556825	45.980394	-12.151846	-91.059457	73.179871	-65.782808	-8.629842	90.428998	-62.055947	-11.410908	
