%count	x
15	-70.429357	-34.174079	-51.287160	-55.140144	-68.476144	42.894667	90.598742	86.154804	-27.417706	7.488994	8.002418	-66.156218	77.039644	-86.514638	87.118779	25.860770	15.644245	-46.508736	-52.061273	-22.460333	16.040145	-32.538479	-25.449489	-59.803212	-18.294786	93.220003	25.330309	-41.625567	-71.083851	6.877673	
30	53.068598	11.381739	94.327056	-29.702056	-76.561729	-15.704058	-7.395380	-64.645675	-91.174482	-7.622546	-67.682724	-13.353260	-72.847458	99.201087	-2.764692	-71.318683	-60.415147	-22.232632	-58.757255	-17.250865	62.680415	17.564137	57.416466	53.555420	64.116845	-5.129307	99.795256	16.649156	-40.301897	-58.442284	
45	7.279513	-30.873549	-52.253757	72.573260	-40.283595	-13.216986	-23.450059	-37.216433	-85.653259	90.197904	13.665130	90.839613	39.134283	5.119892	-49.782286	-50.235370	16.206749	-21.782077	-87.405896	4.400456	-3.323883	-13.667921	30.092095	-72.710968	-14.510984	1.967977	-0.346977	68.919465	-10.386854	68.058942	
60	7.279513	-30.873549	-52.253757	72.573260	-40.283595	-13.216986	-23.450059	-37.216433	-85.653259	90.197904	13.665130	90.839613	39.134283	5.119892	-49.782286	-50.235370	16.206749	-21.782077	-87.405896	4.400456	-3.323883	-13.667921	30.092095	-72.710968	-14.510984	1.967977	-0.346977	68.919465	-10.386854	68.058942	
75	7.279513	-30.873549	-52.253757	72.573260	-40.283595	-13.216986	-23.450059	-37.216433	-85.653259	90.197904	13.665130	90.839613	39.134283	5.119892	-49.782286	-50.235370	16.206749	-21.782077	-87.405896	4.400456	-3.323883	-13.667921	30.092095	-72.710968	-14.510984	1.967977	-0.346977	68.919465	-10.386854	68.058942	
90	7.279513	-30.873549	-52.253757	72.573260	-40.283595	-13.216986	-23.450059	-37.216433	-85.653259	90.197904	13.665130	90.839613	39.134283	5.119892	-49.782286	-50.235370	16.206749	-21.782077	-87.405896	4.400456	-3.323883	-13.667921	30.092095	-72.710968	-14.510984	1.967977	-0.346977	68.919465	-10.386854	68.058942	
105	7.279513	-30.873549	-52.253757	72.573260	-40.283595	-13.216986	-23.450059	-37.216433	-85.653259	90.197904	13.665130	90.839613	39.134283	5.119892	-49.782286	-50.235370	16.206749	-21.782077	-87.405896	4.400456	-3.323883	-13.667921	30.092095	-72.710968	-14.510984	1.967977	-0.346977	68.919465	-10.386854	68.058942	
120	7.279513	-30.873549	-52.253757	72.573260	-40.283595	-13.216986	-23.450059	-37.216433	-85.653259	90.197904	13.665130	90.839613	39.134283	5.119892	-49.782286	-50.235370	16.206749	-21.782077	-87.405896	4.400456	-3.323883	-13.667921	30.092095	-72.710968	-14.510984	1.967977	-0.346977	68.919465	-10.386854	68.058942	
135	7.279513	-30.873549	-52.253757	72.573260	-40.283595	-13.216986	-23.450059	-37.216433	-85.653259	90.197904	13.665130	90.839613	39.134283	5.119892	-49.782286	-50.235370	16.206749	-21.782077	-87.405896	4.400456	-3.323883	-13.667921	30.092095	-72.710968	-14.510984	1.967977	-0.346977	68.919465	-10.386854	68.058942	
150	7.279513	-30.873549	-52.253757	72.573260	-40.283595	-13.216986	-23.450059	-37.216433	-85.653259	90.197904	13.665130	90.839613	39.134283	5.119892	-49.782286	-50.235370	16.206749	-21.782077	-87.405896	4.400456	-3.323883	-13.667921	30.092095	-72.710968	-14.510984	1.967977	-0.346977	68.919465	-10.386854	68.058942	
300	7.279513	-30.873549	-52.253757	72.573260	-40.283595	-13.216986	-23.450059	-37.216433	-85.653259	90.197904	13.665130	90.839613	39.134283	5.119892	-49.782286	-50.235370	16.206749	-21.782077	-87.405896	4.400456	-3.323883	-13.667921	30.092095	-72.710968	-14.510984	1.967977	-0.346977	68.919465	-10.386854	68.058942	
450	7.279513	-30.873549	-52.253757	72.573260	-40.283595	-13.216986	-23.450059	-37.216433	-85.653259	90.197904	13.665130	90.839613	39.134283	5.119892	-49.782286	-50.235370	16.206749	-21.782077	-87.405896	4.400456	-3.323883	-13.667921	30.092095	-72.710968	-14.510984	1.967977	-0.346977	68.919465	-10.386854	68.058942	
600	7.279513	-30.873549	-52.253757	72.573260	-40.283595	-13.216986	-23.450059	-37.216433	-85.653259	90.197904	13.665130	90.839613	39.134283	5.119892	-49.782286	-50.235370	16.206749	-21.782077	-87.405896	4.400456	-3.323883	-13.667921	30.092095	-72.710968	-14.510984	1.967977	-0.346977	68.919465	-10.386854	68.058942	
750	7.279513	-30.873549	-52.253757	72.573260	-40.283595	-13.216986	-23.450059	-37.216433	-85.653259	90.197904	13.665130	90.839613	39.134283	5.119892	-49.782286	-50.235370	16.206749	-21.782077	-87.405896	4.400456	-3.323883	-13.667921	30.092095	-72.710968	-14.510984	1.967977	-0.346977	68.919465	-10.386854	68.058942	
900	7.279513	-30.873549	-52.253757	72.573260	-40.283595	-13.216986	-23.450059	-37.216433	-85.653259	90.197904	13.665130	90.839613	39.134283	5.119892	-49.782286	-50.235370	16.206749	-21.782077	-87.405896	4.400456	-3.323883	-13.667921	30.092095	-72.710968	-14.510984	1.967977	-0.346977	68.919465	-10.386854	68.058942	
1050	7.279513	-30.873549	-52.253757	72.573260	-40.283595	-13.216986	-23.450059	-37.216433	-85.653259	90.197904	13.665130	90.839613	39.134283	5.119892	-49.782286	-50.235370	16.206749	-21.782077	-87.405896	4.400456	-3.323883	-13.667921	30.092095	-72.710968	-14.510984	1.967977	-0.346977	68.919465	-10.386854	68.058942	
1200	7.279513	-30.873549	-52.253757	72.573260	-40.283595	-13.216986	-23.450059	-37.216433	-85.653259	90.197904	13.665130	90.839613	39.134283	5.119892	-49.782286	-50.235370	16.206749	-21.782077	-87.405896	4.400456	-3.323883	-13.667921	30.092095	-72.710968	-14.510984	1.967977	-0.346977	68.919465	-10.386854	68.058942	
1350	7.279513	-30.873549	-52.253757	72.573260	-40.283595	-13.216986	-23.450059	-37.216433	-85.653259	90.197904	13.665130	90.839613	39.134283	5.119892	-49.782286	-50.235370	16.206749	-21.782077	-87.405896	4.400456	-3.323883	-13.667921	30.092095	-72.710968	-14.510984	1.967977	-0.346977	68.919465	-10.386854	68.058942	
1500	7.279513	-30.873549	-52.253757	72.573260	-40.283595	-13.216986	-23.450059	-37.216433	-85.653259	90.197904	13.665130	90.839613	39.134283	5.119892	-49.782286	-50.235370	16.206749	-21.782077	-87.405896	4.400456	-3.323883	-13.667921	30.092095	-72.710968	-14.510984	1.967977	-0.346977	68.919465	-10.386854	68.058942	
