%count	x
15	46.063136	82.851057	0.587768	-2.678273	61.269802	-12.537308	-54.822927	26.489972	-26.049856	9.315626	69.804863	12.609272	-81.336409	44.352263	20.622366	-89.821591	91.500997	82.034886	-41.636556	-19.732077	-58.846450	54.830986	-22.862474	22.410602	-61.921011	47.054808	-94.633961	73.999709	-46.772522	-40.351451	
30	46.063136	82.851057	0.587768	-2.678273	61.269802	-12.537308	-54.822927	26.489972	-26.049856	9.315626	69.804863	12.609272	-81.336409	44.352263	20.622366	-89.821591	91.500997	82.034886	-41.636556	-19.732077	-58.846450	54.830986	-22.862474	22.410602	-61.921011	47.054808	-94.633961	73.999709	-46.772522	-40.351451	
45	46.063136	82.851057	0.587768	-2.678273	61.269802	-12.537308	-54.822927	26.489972	-26.049856	9.315626	69.804863	12.609272	-81.336409	44.352263	20.622366	-89.821591	91.500997	82.034886	-41.636556	-19.732077	-58.846450	54.830986	-22.862474	22.410602	-61.921011	47.054808	-94.633961	73.999709	-46.772522	-40.351451	
60	46.063136	82.851057	0.587768	-2.678273	61.269802	-12.537308	-54.822927	26.489972	-26.049856	9.315626	69.804863	12.609272	-81.336409	44.352263	20.622366	-89.821591	91.500997	82.034886	-41.636556	-19.732077	-58.846450	54.830986	-22.862474	22.410602	-61.921011	47.054808	-94.633961	73.999709	-46.772522	-40.351451	
75	46.063136	82.851057	0.587768	-2.678273	61.269802	-12.537308	-54.822927	26.489972	-26.049856	9.315626	69.804863	12.609272	-81.336409	44.352263	20.622366	-89.821591	91.500997	82.034886	-41.636556	-19.732077	-58.846450	54.830986	-22.862474	22.410602	-61.921011	47.054808	-94.633961	73.999709	-46.772522	-40.351451	
90	46.063136	82.851057	0.587768	-2.678273	61.269802	-12.537308	-54.822927	26.489972	-26.049856	9.315626	69.804863	12.609272	-81.336409	44.352263	20.622366	-89.821591	91.500997	82.034886	-41.636556	-19.732077	-58.846450	54.830986	-22.862474	22.410602	-61.921011	47.054808	-94.633961	73.999709	-46.772522	-40.351451	
105	46.063136	82.851057	0.587768	-2.678273	61.269802	-12.537308	-54.822927	26.489972	-26.049856	9.315626	69.804863	12.609272	-81.336409	44.352263	20.622366	-89.821591	91.500997	82.034886	-41.636556	-19.732077	-58.846450	54.830986	-22.862474	22.410602	-61.921011	47.054808	-94.633961	73.999709	-46.772522	-40.351451	
120	46.063136	82.851057	0.587768	-2.678273	61.269802	-12.537308	-54.822927	26.489972	-26.049856	9.315626	69.804863	12.609272	-81.336409	44.352263	20.622366	-89.821591	91.500997	82.034886	-41.636556	-19.732077	-58.846450	54.830986	-22.862474	22.410602	-61.921011	47.054808	-94.633961	73.999709	-46.772522	-40.351451	
135	46.063136	82.851057	0.587768	-2.678273	61.269802	-12.537308	-54.822927	26.489972	-26.049856	9.315626	69.804863	12.609272	-81.336409	44.352263	20.622366	-89.821591	91.500997	82.034886	-41.636556	-19.732077	-58.846450	54.830986	-22.862474	22.410602	-61.921011	47.054808	-94.633961	73.999709	-46.772522	-40.351451	
150	46.063136	82.851057	0.587768	-2.678273	61.269802	-12.537308	-54.822927	26.489972	-26.049856	9.315626	69.804863	12.609272	-81.336409	44.352263	20.622366	-89.821591	91.500997	82.034886	-41.636556	-19.732077	-58.846450	54.830986	-22.862474	22.410602	-61.921011	47.054808	-94.633961	73.999709	-46.772522	-40.351451	
300	57.929040	-23.026515	71.613985	-67.656202	94.439822	50.455479	-49.098561	69.512415	15.670095	-8.403804	-44.576740	10.184468	31.114504	-17.637924	-10.972220	76.682153	49.342885	-15.464752	36.211880	63.220930	85.772696	-38.299683	-42.023507	-86.511139	-32.917758	-2.469076	12.386397	-73.985091	16.874782	-22.321132	
450	57.929040	-23.026515	71.613985	-67.656202	94.439822	50.455479	-49.098561	69.512415	15.670095	-8.403804	-44.576740	10.184468	31.114504	-17.637924	-10.972220	76.682153	49.342885	-15.464752	36.211880	63.220930	85.772696	-38.299683	-42.023507	-86.511139	-32.917758	-2.469076	12.386397	-73.985091	16.874782	-22.321132	
600	-92.045552	12.231354	-43.786038	-35.812071	-66.080346	65.099521	-55.350894	44.394947	-1.259895	18.330432	31.444097	-4.022845	-90.537191	26.339013	57.410340	-5.880510	12.486213	-28.981306	-91.123501	89.787451	-8.571610	-84.787046	-23.360521	-58.484743	19.693919	24.973574	-93.667255	-36.241853	-81.453280	-38.582616	
750	20.805100	12.309927	-53.981778	-81.875237	-2.931393	50.179177	24.935922	25.200289	83.751004	-39.930271	20.493112	-60.436280	60.784567	-39.273010	30.104497	-64.777708	-54.196249	13.378726	-15.726815	14.476927	54.908265	-38.141819	-42.047771	-84.824051	29.362192	-29.031833	-18.631722	40.372506	-35.399567	-78.569428	
900	20.805100	12.309927	-53.981778	-81.875237	-2.931393	50.179177	24.935922	25.200289	83.751004	-39.930271	20.493112	-60.436280	60.784567	-39.273010	30.104497	-64.777708	-54.196249	13.378726	-15.726815	14.476927	54.908265	-38.141819	-42.047771	-84.824051	29.362192	-29.031833	-18.631722	40.372506	-35.399567	-78.569428	
1050	20.805100	12.309927	-53.981778	-81.875237	-2.931393	50.179177	24.935922	25.200289	83.751004	-39.930271	20.493112	-60.436280	60.784567	-39.273010	30.104497	-64.777708	-54.196249	13.378726	-15.726815	14.476927	54.908265	-38.141819	-42.047771	-84.824051	29.362192	-29.031833	-18.631722	40.372506	-35.399567	-78.569428	
1200	20.805100	12.309927	-53.981778	-81.875237	-2.931393	50.179177	24.935922	25.200289	83.751004	-39.930271	20.493112	-60.436280	60.784567	-39.273010	30.104497	-64.777708	-54.196249	13.378726	-15.726815	14.476927	54.908265	-38.141819	-42.047771	-84.824051	29.362192	-29.031833	-18.631722	40.372506	-35.399567	-78.569428	
1350	20.805100	12.309927	-53.981778	-81.875237	-2.931393	50.179177	24.935922	25.200289	83.751004	-39.930271	20.493112	-60.436280	60.784567	-39.273010	30.104497	-64.777708	-54.196249	13.378726	-15.726815	14.476927	54.908265	-38.141819	-42.047771	-84.824051	29.362192	-29.031833	-18.631722	40.372506	-35.399567	-78.569428	
1500	20.805100	12.309927	-53.981778	-81.875237	-2.931393	50.179177	24.935922	25.200289	83.751004	-39.930271	20.493112	-60.436280	60.784567	-39.273010	30.104497	-64.777708	-54.196249	13.378726	-15.726815	14.476927	54.908265	-38.141819	-42.047771	-84.824051	29.362192	-29.031833	-18.631722	40.372506	-35.399567	-78.569428	
