%count	x
15	-18.621170	64.318450	45.870572	85.463491	86.013824	-30.326556	89.249120	-26.182557	15.765134	88.779615	-14.750297	15.185460	-95.482939	21.106839	95.087368	-71.683406	-23.202371	-94.950347	-32.535568	21.772273	64.866359	14.038146	91.938828	21.517355	-69.360251	-89.673113	-66.922781	-34.056327	-59.728886	-52.378204	
30	-18.621170	64.318450	45.870572	85.463491	86.013824	-30.326556	89.249120	-26.182557	15.765134	88.779615	-14.750297	15.185460	-95.482939	21.106839	95.087368	-71.683406	-23.202371	-94.950347	-32.535568	21.772273	64.866359	14.038146	91.938828	21.517355	-69.360251	-89.673113	-66.922781	-34.056327	-59.728886	-52.378204	
45	-18.621170	64.318450	45.870572	85.463491	86.013824	-30.326556	89.249120	-26.182557	15.765134	88.779615	-14.750297	15.185460	-95.482939	21.106839	95.087368	-71.683406	-23.202371	-94.950347	-32.535568	21.772273	64.866359	14.038146	91.938828	21.517355	-69.360251	-89.673113	-66.922781	-34.056327	-59.728886	-52.378204	
60	-18.621170	64.318450	45.870572	85.463491	86.013824	-30.326556	89.249120	-26.182557	15.765134	88.779615	-14.750297	15.185460	-95.482939	21.106839	95.087368	-71.683406	-23.202371	-94.950347	-32.535568	21.772273	64.866359	14.038146	91.938828	21.517355	-69.360251	-89.673113	-66.922781	-34.056327	-59.728886	-52.378204	
75	-18.621170	64.318450	45.870572	85.463491	86.013824	-30.326556	89.249120	-26.182557	15.765134	88.779615	-14.750297	15.185460	-95.482939	21.106839	95.087368	-71.683406	-23.202371	-94.950347	-32.535568	21.772273	64.866359	14.038146	91.938828	21.517355	-69.360251	-89.673113	-66.922781	-34.056327	-59.728886	-52.378204	
90	-18.621170	64.318450	45.870572	85.463491	86.013824	-30.326556	89.249120	-26.182557	15.765134	88.779615	-14.750297	15.185460	-95.482939	21.106839	95.087368	-71.683406	-23.202371	-94.950347	-32.535568	21.772273	64.866359	14.038146	91.938828	21.517355	-69.360251	-89.673113	-66.922781	-34.056327	-59.728886	-52.378204	
105	-18.621170	64.318450	45.870572	85.463491	86.013824	-30.326556	89.249120	-26.182557	15.765134	88.779615	-14.750297	15.185460	-95.482939	21.106839	95.087368	-71.683406	-23.202371	-94.950347	-32.535568	21.772273	64.866359	14.038146	91.938828	21.517355	-69.360251	-89.673113	-66.922781	-34.056327	-59.728886	-52.378204	
120	-18.621170	64.318450	45.870572	85.463491	86.013824	-30.326556	89.249120	-26.182557	15.765134	88.779615	-14.750297	15.185460	-95.482939	21.106839	95.087368	-71.683406	-23.202371	-94.950347	-32.535568	21.772273	64.866359	14.038146	91.938828	21.517355	-69.360251	-89.673113	-66.922781	-34.056327	-59.728886	-52.378204	
135	-18.621170	64.318450	45.870572	85.463491	86.013824	-30.326556	89.249120	-26.182557	15.765134	88.779615	-14.750297	15.185460	-95.482939	21.106839	95.087368	-71.683406	-23.202371	-94.950347	-32.535568	21.772273	64.866359	14.038146	91.938828	21.517355	-69.360251	-89.673113	-66.922781	-34.056327	-59.728886	-52.378204	
150	-18.621170	64.318450	45.870572	85.463491	86.013824	-30.326556	89.249120	-26.182557	15.765134	88.779615	-14.750297	15.185460	-95.482939	21.106839	95.087368	-71.683406	-23.202371	-94.950347	-32.535568	21.772273	64.866359	14.038146	91.938828	21.517355	-69.360251	-89.673113	-66.922781	-34.056327	-59.728886	-52.378204	
300	-18.621170	64.318450	45.870572	85.463491	86.013824	-30.326556	89.249120	-26.182557	15.765134	88.779615	-14.750297	15.185460	-95.482939	21.106839	95.087368	-71.683406	-23.202371	-94.950347	-32.535568	21.772273	64.866359	14.038146	91.938828	21.517355	-69.360251	-89.673113	-66.922781	-34.056327	-59.728886	-52.378204	
450	-18.621170	64.318450	45.870572	85.463491	86.013824	-30.326556	89.249120	-26.182557	15.765134	88.779615	-14.750297	15.185460	-95.482939	21.106839	95.087368	-71.683406	-23.202371	-94.950347	-32.535568	21.772273	64.866359	14.038146	91.938828	21.517355	-69.360251	-89.673113	-66.922781	-34.056327	-59.728886	-52.378204	
600	-18.621170	64.318450	45.870572	85.463491	86.013824	-30.326556	89.249120	-26.182557	15.765134	88.779615	-14.750297	15.185460	-95.482939	21.106839	95.087368	-71.683406	-23.202371	-94.950347	-32.535568	21.772273	64.866359	14.038146	91.938828	21.517355	-69.360251	-89.673113	-66.922781	-34.056327	-59.728886	-52.378204	
750	-18.621170	64.318450	45.870572	85.463491	86.013824	-30.326556	89.249120	-26.182557	15.765134	88.779615	-14.750297	15.185460	-95.482939	21.106839	95.087368	-71.683406	-23.202371	-94.950347	-32.535568	21.772273	64.866359	14.038146	91.938828	21.517355	-69.360251	-89.673113	-66.922781	-34.056327	-59.728886	-52.378204	
900	-18.621170	64.318450	45.870572	85.463491	86.013824	-30.326556	89.249120	-26.182557	15.765134	88.779615	-14.750297	15.185460	-95.482939	21.106839	95.087368	-71.683406	-23.202371	-94.950347	-32.535568	21.772273	64.866359	14.038146	91.938828	21.517355	-69.360251	-89.673113	-66.922781	-34.056327	-59.728886	-52.378204	
1050	-18.621170	64.318450	45.870572	85.463491	86.013824	-30.326556	89.249120	-26.182557	15.765134	88.779615	-14.750297	15.185460	-95.482939	21.106839	95.087368	-71.683406	-23.202371	-94.950347	-32.535568	21.772273	64.866359	14.038146	91.938828	21.517355	-69.360251	-89.673113	-66.922781	-34.056327	-59.728886	-52.378204	
1200	-18.621170	64.318450	45.870572	85.463491	86.013824	-30.326556	89.249120	-26.182557	15.765134	88.779615	-14.750297	15.185460	-95.482939	21.106839	95.087368	-71.683406	-23.202371	-94.950347	-32.535568	21.772273	64.866359	14.038146	91.938828	21.517355	-69.360251	-89.673113	-66.922781	-34.056327	-59.728886	-52.378204	
1350	-18.621170	64.318450	45.870572	85.463491	86.013824	-30.326556	89.249120	-26.182557	15.765134	88.779615	-14.750297	15.185460	-95.482939	21.106839	95.087368	-71.683406	-23.202371	-94.950347	-32.535568	21.772273	64.866359	14.038146	91.938828	21.517355	-69.360251	-89.673113	-66.922781	-34.056327	-59.728886	-52.378204	
1500	-18.621170	64.318450	45.870572	85.463491	86.013824	-30.326556	89.249120	-26.182557	15.765134	88.779615	-14.750297	15.185460	-95.482939	21.106839	95.087368	-71.683406	-23.202371	-94.950347	-32.535568	21.772273	64.866359	14.038146	91.938828	21.517355	-69.360251	-89.673113	-66.922781	-34.056327	-59.728886	-52.378204	
