%count	x
15	13.630001	-48.198856	90.586275	-47.285799	34.464412	12.492391	-26.709575	-51.591115	82.267291	-36.328226	74.614350	50.570064	13.357394	97.574886	-40.492383	-83.358327	-29.299648	-38.769163	-65.476160	97.463037	12.227498	-16.546747	-11.573328	27.597483	-83.057033	62.190369	-83.855285	54.976504	8.299360	61.282042	
30	13.630001	-48.198856	90.586275	-47.285799	34.464412	12.492391	-26.709575	-51.591115	82.267291	-36.328226	74.614350	50.570064	13.357394	97.574886	-40.492383	-83.358327	-29.299648	-38.769163	-65.476160	97.463037	12.227498	-16.546747	-11.573328	27.597483	-83.057033	62.190369	-83.855285	54.976504	8.299360	61.282042	
45	74.743682	-13.308836	84.965860	9.371560	-3.318978	-51.461172	-73.137189	-48.478217	-63.032998	-4.126827	-8.421265	-82.076958	-56.300977	-37.635888	-60.665915	-95.341440	10.430792	88.909492	-68.929147	73.535137	75.946043	78.688217	-13.671785	-99.030266	-54.564217	53.183173	23.135787	27.539039	42.967506	83.666688	
60	-85.922967	-62.639438	-97.590695	75.853262	-56.744757	-61.631665	-51.629153	72.223473	-11.287710	-58.893734	-82.706759	62.964313	-28.848246	-88.268874	82.541956	35.712657	-44.084429	-37.838776	37.883763	-5.626492	90.873652	74.359689	-23.709661	-3.206177	-47.032505	-31.137437	-29.421842	-27.003385	57.079607	-94.060742	
75	-85.922967	-62.639438	-97.590695	75.853262	-56.744757	-61.631665	-51.629153	72.223473	-11.287710	-58.893734	-82.706759	62.964313	-28.848246	-88.268874	82.541956	35.712657	-44.084429	-37.838776	37.883763	-5.626492	90.873652	74.359689	-23.709661	-3.206177	-47.032505	-31.137437	-29.421842	-27.003385	57.079607	-94.060742	
90	-85.922967	-62.639438	-97.590695	75.853262	-56.744757	-61.631665	-51.629153	72.223473	-11.287710	-58.893734	-82.706759	62.964313	-28.848246	-88.268874	82.541956	35.712657	-44.084429	-37.838776	37.883763	-5.626492	90.873652	74.359689	-23.709661	-3.206177	-47.032505	-31.137437	-29.421842	-27.003385	57.079607	-94.060742	
105	-85.922967	-62.639438	-97.590695	75.853262	-56.744757	-61.631665	-51.629153	72.223473	-11.287710	-58.893734	-82.706759	62.964313	-28.848246	-88.268874	82.541956	35.712657	-44.084429	-37.838776	37.883763	-5.626492	90.873652	74.359689	-23.709661	-3.206177	-47.032505	-31.137437	-29.421842	-27.003385	57.079607	-94.060742	
120	-85.922967	-62.639438	-97.590695	75.853262	-56.744757	-61.631665	-51.629153	72.223473	-11.287710	-58.893734	-82.706759	62.964313	-28.848246	-88.268874	82.541956	35.712657	-44.084429	-37.838776	37.883763	-5.626492	90.873652	74.359689	-23.709661	-3.206177	-47.032505	-31.137437	-29.421842	-27.003385	57.079607	-94.060742	
135	-85.922967	-62.639438	-97.590695	75.853262	-56.744757	-61.631665	-51.629153	72.223473	-11.287710	-58.893734	-82.706759	62.964313	-28.848246	-88.268874	82.541956	35.712657	-44.084429	-37.838776	37.883763	-5.626492	90.873652	74.359689	-23.709661	-3.206177	-47.032505	-31.137437	-29.421842	-27.003385	57.079607	-94.060742	
150	-85.922967	-62.639438	-97.590695	75.853262	-56.744757	-61.631665	-51.629153	72.223473	-11.287710	-58.893734	-82.706759	62.964313	-28.848246	-88.268874	82.541956	35.712657	-44.084429	-37.838776	37.883763	-5.626492	90.873652	74.359689	-23.709661	-3.206177	-47.032505	-31.137437	-29.421842	-27.003385	57.079607	-94.060742	
300	-63.270336	-49.109521	79.917387	-57.154771	-8.163308	77.773503	-23.067292	-73.843832	-17.369589	-59.241053	79.139372	-52.038043	-35.264376	-86.142360	32.439312	-19.147144	62.296711	-42.984429	8.543569	-68.697379	-1.597322	18.268052	-73.905819	-0.486191	65.285841	88.535433	-56.110304	36.326711	55.045459	-46.097906	
450	-63.270336	-49.109521	79.917387	-57.154771	-8.163308	77.773503	-23.067292	-73.843832	-17.369589	-59.241053	79.139372	-52.038043	-35.264376	-86.142360	32.439312	-19.147144	62.296711	-42.984429	8.543569	-68.697379	-1.597322	18.268052	-73.905819	-0.486191	65.285841	88.535433	-56.110304	36.326711	55.045459	-46.097906	
600	-24.095799	35.060863	-83.874332	-64.272187	7.201048	-67.160577	-34.890830	45.657523	75.473930	-74.658716	38.369391	6.270228	-87.913791	53.413225	86.406584	46.273957	30.333066	-60.859840	-42.387689	-54.171133	36.071339	79.684159	-36.732114	52.892385	56.020593	26.832687	-27.720173	45.726088	46.222759	50.190284	
750	-51.273388	-79.722139	-25.224754	-66.524936	55.778248	81.680091	50.159849	22.552906	98.539314	-71.852184	12.437797	34.798695	-10.637520	71.682147	73.059734	84.419633	9.507966	87.845493	8.537816	12.831481	-43.131025	-31.501477	-35.839068	-9.589283	-96.462457	-32.813934	-40.940570	3.449612	-44.557238	91.076730	
900	-89.309269	-17.369020	-51.723771	87.514373	-9.978869	20.837359	75.399216	-45.719134	54.461882	-2.176028	-38.505927	-56.750478	4.141143	23.303545	65.342056	39.601890	-39.152818	-84.902584	22.990491	-30.969918	43.739668	17.426663	98.292682	44.900370	15.875298	-45.834888	-27.191066	-9.811837	48.421130	52.899059	
1050	-89.309269	-17.369020	-51.723771	87.514373	-9.978869	20.837359	75.399216	-45.719134	54.461882	-2.176028	-38.505927	-56.750478	4.141143	23.303545	65.342056	39.601890	-39.152818	-84.902584	22.990491	-30.969918	43.739668	17.426663	98.292682	44.900370	15.875298	-45.834888	-27.191066	-9.811837	48.421130	52.899059	
1200	-89.309269	-17.369020	-51.723771	87.514373	-9.978869	20.837359	75.399216	-45.719134	54.461882	-2.176028	-38.505927	-56.750478	4.141143	23.303545	65.342056	39.601890	-39.152818	-84.902584	22.990491	-30.969918	43.739668	17.426663	98.292682	44.900370	15.875298	-45.834888	-27.191066	-9.811837	48.421130	52.899059	
1350	-89.309269	-17.369020	-51.723771	87.514373	-9.978869	20.837359	75.399216	-45.719134	54.461882	-2.176028	-38.505927	-56.750478	4.141143	23.303545	65.342056	39.601890	-39.152818	-84.902584	22.990491	-30.969918	43.739668	17.426663	98.292682	44.900370	15.875298	-45.834888	-27.191066	-9.811837	48.421130	52.899059	
1500	-89.309269	-17.369020	-51.723771	87.514373	-9.978869	20.837359	75.399216	-45.719134	54.461882	-2.176028	-38.505927	-56.750478	4.141143	23.303545	65.342056	39.601890	-39.152818	-84.902584	22.990491	-30.969918	43.739668	17.426663	98.292682	44.900370	15.875298	-45.834888	-27.191066	-9.811837	48.421130	52.899059	
