%count	x
15	73.854840	-99.073952	-48.204869	30.490810	-8.142949	-39.110926	-37.317676	-2.756099	81.574861	-89.866154	96.676762	-36.365670	79.954280	-8.605613	-35.310680	7.466644	-21.773360	23.134020	-24.968824	60.077786	-62.757738	-40.495463	-56.451620	-92.401113	-7.489385	46.167027	-61.016641	28.827538	-12.907780	-30.808144	
30	84.207662	42.018239	44.449153	51.420298	22.956173	7.733061	-88.023754	96.756759	-94.674949	64.651538	-78.328537	-70.407823	-89.542053	65.451200	83.899364	86.916016	14.899619	-74.699981	95.123754	65.710546	-60.064542	62.775156	-30.285879	-63.900327	-35.227449	81.180491	-21.439969	90.796171	53.000921	-72.027746	
45	-34.742423	-30.274981	-94.352018	20.980172	46.846105	2.444002	84.970793	-74.227558	-34.728007	45.951343	-27.562287	-71.635735	67.868471	42.576968	34.337777	-41.304416	-57.385589	-0.670393	7.530923	-49.855640	-75.216319	70.522132	-92.589340	53.196126	44.817260	84.252089	-65.883442	27.412682	48.893252	-28.706824	
60	-34.742423	-30.274981	-94.352018	20.980172	46.846105	2.444002	84.970793	-74.227558	-34.728007	45.951343	-27.562287	-71.635735	67.868471	42.576968	34.337777	-41.304416	-57.385589	-0.670393	7.530923	-49.855640	-75.216319	70.522132	-92.589340	53.196126	44.817260	84.252089	-65.883442	27.412682	48.893252	-28.706824	
75	-34.742423	-30.274981	-94.352018	20.980172	46.846105	2.444002	84.970793	-74.227558	-34.728007	45.951343	-27.562287	-71.635735	67.868471	42.576968	34.337777	-41.304416	-57.385589	-0.670393	7.530923	-49.855640	-75.216319	70.522132	-92.589340	53.196126	44.817260	84.252089	-65.883442	27.412682	48.893252	-28.706824	
90	-34.742423	-30.274981	-94.352018	20.980172	46.846105	2.444002	84.970793	-74.227558	-34.728007	45.951343	-27.562287	-71.635735	67.868471	42.576968	34.337777	-41.304416	-57.385589	-0.670393	7.530923	-49.855640	-75.216319	70.522132	-92.589340	53.196126	44.817260	84.252089	-65.883442	27.412682	48.893252	-28.706824	
105	-34.742423	-30.274981	-94.352018	20.980172	46.846105	2.444002	84.970793	-74.227558	-34.728007	45.951343	-27.562287	-71.635735	67.868471	42.576968	34.337777	-41.304416	-57.385589	-0.670393	7.530923	-49.855640	-75.216319	70.522132	-92.589340	53.196126	44.817260	84.252089	-65.883442	27.412682	48.893252	-28.706824	
120	-34.742423	-30.274981	-94.352018	20.980172	46.846105	2.444002	84.970793	-74.227558	-34.728007	45.951343	-27.562287	-71.635735	67.868471	42.576968	34.337777	-41.304416	-57.385589	-0.670393	7.530923	-49.855640	-75.216319	70.522132	-92.589340	53.196126	44.817260	84.252089	-65.883442	27.412682	48.893252	-28.706824	
135	-34.742423	-30.274981	-94.352018	20.980172	46.846105	2.444002	84.970793	-74.227558	-34.728007	45.951343	-27.562287	-71.635735	67.868471	42.576968	34.337777	-41.304416	-57.385589	-0.670393	7.530923	-49.855640	-75.216319	70.522132	-92.589340	53.196126	44.817260	84.252089	-65.883442	27.412682	48.893252	-28.706824	
150	-34.742423	-30.274981	-94.352018	20.980172	46.846105	2.444002	84.970793	-74.227558	-34.728007	45.951343	-27.562287	-71.635735	67.868471	42.576968	34.337777	-41.304416	-57.385589	-0.670393	7.530923	-49.855640	-75.216319	70.522132	-92.589340	53.196126	44.817260	84.252089	-65.883442	27.412682	48.893252	-28.706824	
300	-34.742423	-30.274981	-94.352018	20.980172	46.846105	2.444002	84.970793	-74.227558	-34.728007	45.951343	-27.562287	-71.635735	67.868471	42.576968	34.337777	-41.304416	-57.385589	-0.670393	7.530923	-49.855640	-75.216319	70.522132	-92.589340	53.196126	44.817260	84.252089	-65.883442	27.412682	48.893252	-28.706824	
450	-55.824981	-18.660994	70.572340	-44.358679	-77.587011	-38.995562	-84.268646	68.532465	-86.358179	37.759845	-11.826354	28.661666	-67.637614	-79.676107	26.166179	61.617292	-63.310679	93.087654	-35.472947	-49.319964	-26.015326	53.325001	-65.397208	6.082630	-81.203777	-7.419955	-21.784438	36.359161	21.347400	-51.259380	
600	-55.824981	-18.660994	70.572340	-44.358679	-77.587011	-38.995562	-84.268646	68.532465	-86.358179	37.759845	-11.826354	28.661666	-67.637614	-79.676107	26.166179	61.617292	-63.310679	93.087654	-35.472947	-49.319964	-26.015326	53.325001	-65.397208	6.082630	-81.203777	-7.419955	-21.784438	36.359161	21.347400	-51.259380	
750	-55.824981	-18.660994	70.572340	-44.358679	-77.587011	-38.995562	-84.268646	68.532465	-86.358179	37.759845	-11.826354	28.661666	-67.637614	-79.676107	26.166179	61.617292	-63.310679	93.087654	-35.472947	-49.319964	-26.015326	53.325001	-65.397208	6.082630	-81.203777	-7.419955	-21.784438	36.359161	21.347400	-51.259380	
900	-55.824981	-18.660994	70.572340	-44.358679	-77.587011	-38.995562	-84.268646	68.532465	-86.358179	37.759845	-11.826354	28.661666	-67.637614	-79.676107	26.166179	61.617292	-63.310679	93.087654	-35.472947	-49.319964	-26.015326	53.325001	-65.397208	6.082630	-81.203777	-7.419955	-21.784438	36.359161	21.347400	-51.259380	
1050	-49.912758	-79.788863	95.473085	-95.316500	-35.528073	-19.128443	3.224838	15.774515	23.617893	-59.976727	-38.323599	31.811422	81.107941	8.796687	26.683481	2.554880	-12.202529	-31.144691	5.845752	-84.669957	76.119690	-19.263348	93.804401	56.896920	-3.546657	63.549526	-31.207496	79.344163	69.996879	-45.110233	
1200	-49.912758	-79.788863	95.473085	-95.316500	-35.528073	-19.128443	3.224838	15.774515	23.617893	-59.976727	-38.323599	31.811422	81.107941	8.796687	26.683481	2.554880	-12.202529	-31.144691	5.845752	-84.669957	76.119690	-19.263348	93.804401	56.896920	-3.546657	63.549526	-31.207496	79.344163	69.996879	-45.110233	
1350	-49.912758	-79.788863	95.473085	-95.316500	-35.528073	-19.128443	3.224838	15.774515	23.617893	-59.976727	-38.323599	31.811422	81.107941	8.796687	26.683481	2.554880	-12.202529	-31.144691	5.845752	-84.669957	76.119690	-19.263348	93.804401	56.896920	-3.546657	63.549526	-31.207496	79.344163	69.996879	-45.110233	
1500	-49.912758	-79.788863	95.473085	-95.316500	-35.528073	-19.128443	3.224838	15.774515	23.617893	-59.976727	-38.323599	31.811422	81.107941	8.796687	26.683481	2.554880	-12.202529	-31.144691	5.845752	-84.669957	76.119690	-19.263348	93.804401	56.896920	-3.546657	63.549526	-31.207496	79.344163	69.996879	-45.110233	
