%count	x
15	-26.790666	65.807445	93.953475	-26.075427	76.272554	36.286468	-7.857618	73.326481	-95.938175	16.647850	20.770631	-40.674253	47.401985	-49.633190	24.476393	-57.512356	-80.305045	16.295815	86.404743	92.491016	-48.663241	-69.793306	62.878168	18.657070	-53.688847	-57.150625	87.607941	93.984020	-40.053759	-36.801498	
30	-26.790666	65.807445	93.953475	-26.075427	76.272554	36.286468	-7.857618	73.326481	-95.938175	16.647850	20.770631	-40.674253	47.401985	-49.633190	24.476393	-57.512356	-80.305045	16.295815	86.404743	92.491016	-48.663241	-69.793306	62.878168	18.657070	-53.688847	-57.150625	87.607941	93.984020	-40.053759	-36.801498	
45	-26.790666	65.807445	93.953475	-26.075427	76.272554	36.286468	-7.857618	73.326481	-95.938175	16.647850	20.770631	-40.674253	47.401985	-49.633190	24.476393	-57.512356	-80.305045	16.295815	86.404743	92.491016	-48.663241	-69.793306	62.878168	18.657070	-53.688847	-57.150625	87.607941	93.984020	-40.053759	-36.801498	
60	-28.356828	51.986239	-3.945165	-37.818189	-46.914119	35.854680	-0.042079	1.923162	-17.701844	68.388978	-24.502414	97.085092	-22.228725	-32.241896	69.179046	-63.935696	-61.340753	-15.855495	12.206998	-53.144858	-49.566872	73.805456	-5.062977	-71.571003	47.590523	78.209204	-55.300015	43.752607	-13.725600	80.959749	
75	-28.356828	51.986239	-3.945165	-37.818189	-46.914119	35.854680	-0.042079	1.923162	-17.701844	68.388978	-24.502414	97.085092	-22.228725	-32.241896	69.179046	-63.935696	-61.340753	-15.855495	12.206998	-53.144858	-49.566872	73.805456	-5.062977	-71.571003	47.590523	78.209204	-55.300015	43.752607	-13.725600	80.959749	
90	-28.356828	51.986239	-3.945165	-37.818189	-46.914119	35.854680	-0.042079	1.923162	-17.701844	68.388978	-24.502414	97.085092	-22.228725	-32.241896	69.179046	-63.935696	-61.340753	-15.855495	12.206998	-53.144858	-49.566872	73.805456	-5.062977	-71.571003	47.590523	78.209204	-55.300015	43.752607	-13.725600	80.959749	
105	-28.356828	51.986239	-3.945165	-37.818189	-46.914119	35.854680	-0.042079	1.923162	-17.701844	68.388978	-24.502414	97.085092	-22.228725	-32.241896	69.179046	-63.935696	-61.340753	-15.855495	12.206998	-53.144858	-49.566872	73.805456	-5.062977	-71.571003	47.590523	78.209204	-55.300015	43.752607	-13.725600	80.959749	
120	-28.356828	51.986239	-3.945165	-37.818189	-46.914119	35.854680	-0.042079	1.923162	-17.701844	68.388978	-24.502414	97.085092	-22.228725	-32.241896	69.179046	-63.935696	-61.340753	-15.855495	12.206998	-53.144858	-49.566872	73.805456	-5.062977	-71.571003	47.590523	78.209204	-55.300015	43.752607	-13.725600	80.959749	
135	-28.356828	51.986239	-3.945165	-37.818189	-46.914119	35.854680	-0.042079	1.923162	-17.701844	68.388978	-24.502414	97.085092	-22.228725	-32.241896	69.179046	-63.935696	-61.340753	-15.855495	12.206998	-53.144858	-49.566872	73.805456	-5.062977	-71.571003	47.590523	78.209204	-55.300015	43.752607	-13.725600	80.959749	
150	-28.356828	51.986239	-3.945165	-37.818189	-46.914119	35.854680	-0.042079	1.923162	-17.701844	68.388978	-24.502414	97.085092	-22.228725	-32.241896	69.179046	-63.935696	-61.340753	-15.855495	12.206998	-53.144858	-49.566872	73.805456	-5.062977	-71.571003	47.590523	78.209204	-55.300015	43.752607	-13.725600	80.959749	
300	-28.356828	51.986239	-3.945165	-37.818189	-46.914119	35.854680	-0.042079	1.923162	-17.701844	68.388978	-24.502414	97.085092	-22.228725	-32.241896	69.179046	-63.935696	-61.340753	-15.855495	12.206998	-53.144858	-49.566872	73.805456	-5.062977	-71.571003	47.590523	78.209204	-55.300015	43.752607	-13.725600	80.959749	
450	-81.417202	-84.686680	36.905594	4.650810	5.995465	88.801383	96.581037	-10.012972	-59.353598	0.446058	11.441751	8.159262	-31.821981	-24.020927	-14.149330	-20.953313	13.625300	36.632857	13.998789	42.293636	33.980786	63.808058	-69.229548	90.410186	-73.476161	4.172498	72.147080	57.667857	-32.974874	9.878895	
600	-81.417202	-84.686680	36.905594	4.650810	5.995465	88.801383	96.581037	-10.012972	-59.353598	0.446058	11.441751	8.159262	-31.821981	-24.020927	-14.149330	-20.953313	13.625300	36.632857	13.998789	42.293636	33.980786	63.808058	-69.229548	90.410186	-73.476161	4.172498	72.147080	57.667857	-32.974874	9.878895	
750	-81.417202	-84.686680	36.905594	4.650810	5.995465	88.801383	96.581037	-10.012972	-59.353598	0.446058	11.441751	8.159262	-31.821981	-24.020927	-14.149330	-20.953313	13.625300	36.632857	13.998789	42.293636	33.980786	63.808058	-69.229548	90.410186	-73.476161	4.172498	72.147080	57.667857	-32.974874	9.878895	
900	-81.417202	-84.686680	36.905594	4.650810	5.995465	88.801383	96.581037	-10.012972	-59.353598	0.446058	11.441751	8.159262	-31.821981	-24.020927	-14.149330	-20.953313	13.625300	36.632857	13.998789	42.293636	33.980786	63.808058	-69.229548	90.410186	-73.476161	4.172498	72.147080	57.667857	-32.974874	9.878895	
1050	-81.417202	-84.686680	36.905594	4.650810	5.995465	88.801383	96.581037	-10.012972	-59.353598	0.446058	11.441751	8.159262	-31.821981	-24.020927	-14.149330	-20.953313	13.625300	36.632857	13.998789	42.293636	33.980786	63.808058	-69.229548	90.410186	-73.476161	4.172498	72.147080	57.667857	-32.974874	9.878895	
1200	-81.417202	-84.686680	36.905594	4.650810	5.995465	88.801383	96.581037	-10.012972	-59.353598	0.446058	11.441751	8.159262	-31.821981	-24.020927	-14.149330	-20.953313	13.625300	36.632857	13.998789	42.293636	33.980786	63.808058	-69.229548	90.410186	-73.476161	4.172498	72.147080	57.667857	-32.974874	9.878895	
1350	-81.417202	-84.686680	36.905594	4.650810	5.995465	88.801383	96.581037	-10.012972	-59.353598	0.446058	11.441751	8.159262	-31.821981	-24.020927	-14.149330	-20.953313	13.625300	36.632857	13.998789	42.293636	33.980786	63.808058	-69.229548	90.410186	-73.476161	4.172498	72.147080	57.667857	-32.974874	9.878895	
1500	-81.417202	-84.686680	36.905594	4.650810	5.995465	88.801383	96.581037	-10.012972	-59.353598	0.446058	11.441751	8.159262	-31.821981	-24.020927	-14.149330	-20.953313	13.625300	36.632857	13.998789	42.293636	33.980786	63.808058	-69.229548	90.410186	-73.476161	4.172498	72.147080	57.667857	-32.974874	9.878895	
