%count	x
15	-21.077114	-64.444745	79.449361	-5.394534	-75.691384	10.892387	-69.563061	89.542184	-21.839157	48.951118	25.828288	35.611744	13.945484	7.067880	76.789049	-63.930796	-97.461446	5.559674	-1.723115	-12.830134	7.969287	-34.913714	-66.826587	-89.656967	-66.058531	4.523255	-23.721753	-16.895145	78.813850	-64.496170	
30	30.739782	95.463840	-7.689073	38.227144	-52.522605	-8.549364	-82.768702	-29.120168	-93.936203	78.882032	63.798340	8.824509	-1.265215	42.381500	69.598357	33.167173	-97.927483	42.571447	86.998316	58.827430	-99.966065	-10.601684	25.684786	42.755107	-40.541874	19.448129	57.820279	-62.805391	22.324701	22.020637	
45	30.739782	95.463840	-7.689073	38.227144	-52.522605	-8.549364	-82.768702	-29.120168	-93.936203	78.882032	63.798340	8.824509	-1.265215	42.381500	69.598357	33.167173	-97.927483	42.571447	86.998316	58.827430	-99.966065	-10.601684	25.684786	42.755107	-40.541874	19.448129	57.820279	-62.805391	22.324701	22.020637	
60	30.739782	95.463840	-7.689073	38.227144	-52.522605	-8.549364	-82.768702	-29.120168	-93.936203	78.882032	63.798340	8.824509	-1.265215	42.381500	69.598357	33.167173	-97.927483	42.571447	86.998316	58.827430	-99.966065	-10.601684	25.684786	42.755107	-40.541874	19.448129	57.820279	-62.805391	22.324701	22.020637	
75	30.739782	95.463840	-7.689073	38.227144	-52.522605	-8.549364	-82.768702	-29.120168	-93.936203	78.882032	63.798340	8.824509	-1.265215	42.381500	69.598357	33.167173	-97.927483	42.571447	86.998316	58.827430	-99.966065	-10.601684	25.684786	42.755107	-40.541874	19.448129	57.820279	-62.805391	22.324701	22.020637	
90	30.739782	95.463840	-7.689073	38.227144	-52.522605	-8.549364	-82.768702	-29.120168	-93.936203	78.882032	63.798340	8.824509	-1.265215	42.381500	69.598357	33.167173	-97.927483	42.571447	86.998316	58.827430	-99.966065	-10.601684	25.684786	42.755107	-40.541874	19.448129	57.820279	-62.805391	22.324701	22.020637	
105	30.739782	95.463840	-7.689073	38.227144	-52.522605	-8.549364	-82.768702	-29.120168	-93.936203	78.882032	63.798340	8.824509	-1.265215	42.381500	69.598357	33.167173	-97.927483	42.571447	86.998316	58.827430	-99.966065	-10.601684	25.684786	42.755107	-40.541874	19.448129	57.820279	-62.805391	22.324701	22.020637	
120	30.739782	95.463840	-7.689073	38.227144	-52.522605	-8.549364	-82.768702	-29.120168	-93.936203	78.882032	63.798340	8.824509	-1.265215	42.381500	69.598357	33.167173	-97.927483	42.571447	86.998316	58.827430	-99.966065	-10.601684	25.684786	42.755107	-40.541874	19.448129	57.820279	-62.805391	22.324701	22.020637	
135	30.739782	95.463840	-7.689073	38.227144	-52.522605	-8.549364	-82.768702	-29.120168	-93.936203	78.882032	63.798340	8.824509	-1.265215	42.381500	69.598357	33.167173	-97.927483	42.571447	86.998316	58.827430	-99.966065	-10.601684	25.684786	42.755107	-40.541874	19.448129	57.820279	-62.805391	22.324701	22.020637	
150	30.739782	95.463840	-7.689073	38.227144	-52.522605	-8.549364	-82.768702	-29.120168	-93.936203	78.882032	63.798340	8.824509	-1.265215	42.381500	69.598357	33.167173	-97.927483	42.571447	86.998316	58.827430	-99.966065	-10.601684	25.684786	42.755107	-40.541874	19.448129	57.820279	-62.805391	22.324701	22.020637	
300	-40.582997	72.484173	-8.347336	20.266913	-31.344637	72.836977	27.554224	5.345610	14.964346	-0.825541	26.410049	6.167763	54.266284	-45.629110	-26.098097	-45.758954	-89.666412	76.484635	75.594493	-10.213158	-53.520048	-10.774082	-69.943029	-19.258615	-93.883229	-21.440735	17.471344	10.450088	-45.018387	-61.746086	
450	-40.582997	72.484173	-8.347336	20.266913	-31.344637	72.836977	27.554224	5.345610	14.964346	-0.825541	26.410049	6.167763	54.266284	-45.629110	-26.098097	-45.758954	-89.666412	76.484635	75.594493	-10.213158	-53.520048	-10.774082	-69.943029	-19.258615	-93.883229	-21.440735	17.471344	10.450088	-45.018387	-61.746086	
600	-40.582997	72.484173	-8.347336	20.266913	-31.344637	72.836977	27.554224	5.345610	14.964346	-0.825541	26.410049	6.167763	54.266284	-45.629110	-26.098097	-45.758954	-89.666412	76.484635	75.594493	-10.213158	-53.520048	-10.774082	-69.943029	-19.258615	-93.883229	-21.440735	17.471344	10.450088	-45.018387	-61.746086	
750	-70.616155	-24.026750	-23.681815	28.569306	-55.562391	8.046402	-83.654862	-73.717529	-15.582764	-8.768307	-3.746037	81.215588	-64.122119	25.453291	6.960816	67.254373	98.303310	5.219389	98.596374	51.050263	-14.653488	93.991834	-58.625645	-27.254460	-51.342491	-22.085356	61.042038	-67.597464	8.900159	-46.404182	
900	-70.616155	-24.026750	-23.681815	28.569306	-55.562391	8.046402	-83.654862	-73.717529	-15.582764	-8.768307	-3.746037	81.215588	-64.122119	25.453291	6.960816	67.254373	98.303310	5.219389	98.596374	51.050263	-14.653488	93.991834	-58.625645	-27.254460	-51.342491	-22.085356	61.042038	-67.597464	8.900159	-46.404182	
1050	-70.616155	-24.026750	-23.681815	28.569306	-55.562391	8.046402	-83.654862	-73.717529	-15.582764	-8.768307	-3.746037	81.215588	-64.122119	25.453291	6.960816	67.254373	98.303310	5.219389	98.596374	51.050263	-14.653488	93.991834	-58.625645	-27.254460	-51.342491	-22.085356	61.042038	-67.597464	8.900159	-46.404182	
1200	-70.616155	-24.026750	-23.681815	28.569306	-55.562391	8.046402	-83.654862	-73.717529	-15.582764	-8.768307	-3.746037	81.215588	-64.122119	25.453291	6.960816	67.254373	98.303310	5.219389	98.596374	51.050263	-14.653488	93.991834	-58.625645	-27.254460	-51.342491	-22.085356	61.042038	-67.597464	8.900159	-46.404182	
1350	-70.616155	-24.026750	-23.681815	28.569306	-55.562391	8.046402	-83.654862	-73.717529	-15.582764	-8.768307	-3.746037	81.215588	-64.122119	25.453291	6.960816	67.254373	98.303310	5.219389	98.596374	51.050263	-14.653488	93.991834	-58.625645	-27.254460	-51.342491	-22.085356	61.042038	-67.597464	8.900159	-46.404182	
1500	5.962296	58.732319	-71.343584	51.476674	14.217448	28.151151	-70.561965	-56.753841	-52.509217	65.306526	-29.221245	31.559112	-77.558442	36.329105	73.402487	-95.618602	-13.756072	82.081863	60.621585	80.686552	-66.648743	-62.544613	-81.012195	64.591965	-69.333798	82.512653	80.073247	-16.303584	-54.178535	-61.719996	
