%count	x
15	-35.747986	-58.212201	-78.434353	29.131310	62.742826	82.193424	55.578098	28.988228	-67.014376	24.981435	19.800112	-25.381037	81.591760	-94.155135	98.012280	-85.496222	-4.744730	-16.067162	-6.131392	-13.076032	19.315786	15.849562	34.312628	55.443341	-30.942269	-67.823801	42.477743	-68.634837	-41.204158	-49.648898	
30	-35.747986	-58.212201	-78.434353	29.131310	62.742826	82.193424	55.578098	28.988228	-67.014376	24.981435	19.800112	-25.381037	81.591760	-94.155135	98.012280	-85.496222	-4.744730	-16.067162	-6.131392	-13.076032	19.315786	15.849562	34.312628	55.443341	-30.942269	-67.823801	42.477743	-68.634837	-41.204158	-49.648898	
45	-35.747986	-58.212201	-78.434353	29.131310	62.742826	82.193424	55.578098	28.988228	-67.014376	24.981435	19.800112	-25.381037	81.591760	-94.155135	98.012280	-85.496222	-4.744730	-16.067162	-6.131392	-13.076032	19.315786	15.849562	34.312628	55.443341	-30.942269	-67.823801	42.477743	-68.634837	-41.204158	-49.648898	
60	93.520347	-54.136929	-18.847932	11.868978	-57.444967	47.104464	40.966258	-17.043859	-44.549378	-61.568192	17.164091	-75.004207	-57.914931	53.455557	-55.927694	-0.637665	52.010461	19.696200	12.511766	-89.028023	85.948014	41.153565	86.200317	-51.582557	25.994150	-89.989728	59.736870	-14.889022	-52.524201	-98.563957	
75	93.520347	-54.136929	-18.847932	11.868978	-57.444967	47.104464	40.966258	-17.043859	-44.549378	-61.568192	17.164091	-75.004207	-57.914931	53.455557	-55.927694	-0.637665	52.010461	19.696200	12.511766	-89.028023	85.948014	41.153565	86.200317	-51.582557	25.994150	-89.989728	59.736870	-14.889022	-52.524201	-98.563957	
90	93.520347	-54.136929	-18.847932	11.868978	-57.444967	47.104464	40.966258	-17.043859	-44.549378	-61.568192	17.164091	-75.004207	-57.914931	53.455557	-55.927694	-0.637665	52.010461	19.696200	12.511766	-89.028023	85.948014	41.153565	86.200317	-51.582557	25.994150	-89.989728	59.736870	-14.889022	-52.524201	-98.563957	
105	93.299696	51.372451	87.278259	-22.295711	70.336482	-73.999721	-14.019482	56.929446	9.833440	94.770105	-25.968135	75.472460	63.790336	35.529263	-55.455062	-86.270429	-17.405994	92.840422	62.300487	69.793644	66.247569	12.392558	-52.511238	-51.988186	88.949494	-18.805200	51.819188	-66.617267	-18.936497	29.023868	
120	93.299696	51.372451	87.278259	-22.295711	70.336482	-73.999721	-14.019482	56.929446	9.833440	94.770105	-25.968135	75.472460	63.790336	35.529263	-55.455062	-86.270429	-17.405994	92.840422	62.300487	69.793644	66.247569	12.392558	-52.511238	-51.988186	88.949494	-18.805200	51.819188	-66.617267	-18.936497	29.023868	
135	-6.585887	-79.269162	99.910721	-30.181026	97.479323	-18.121850	-21.701615	37.633700	-67.594469	32.368613	-45.598774	-58.003776	-17.438178	40.297887	60.213230	4.239968	-66.230220	24.208331	53.036132	-14.009186	-30.992955	-27.991913	79.367691	36.192380	86.941701	6.327910	-16.854458	-61.456442	-35.139103	-77.782650	
150	-6.585887	-79.269162	99.910721	-30.181026	97.479323	-18.121850	-21.701615	37.633700	-67.594469	32.368613	-45.598774	-58.003776	-17.438178	40.297887	60.213230	4.239968	-66.230220	24.208331	53.036132	-14.009186	-30.992955	-27.991913	79.367691	36.192380	86.941701	6.327910	-16.854458	-61.456442	-35.139103	-77.782650	
300	-48.538996	-65.835910	93.477619	73.917965	-62.101342	96.036653	29.152301	70.445603	-85.318294	79.952693	19.613908	1.884598	79.858115	-46.759664	14.116737	-73.004324	-60.474123	42.815985	9.981735	-70.728948	20.133483	-45.083237	-93.277289	-93.137118	90.378800	-89.995909	31.864203	-86.162678	-22.447429	59.240020	
450	81.302815	61.035774	-47.664974	-71.275797	60.256508	-36.859625	39.665633	59.284947	-58.970986	-69.808563	23.037535	34.268289	70.562235	-94.262673	51.708259	-56.655948	76.995725	36.772347	-37.126473	-96.903582	1.372381	67.240254	-96.960756	-90.820454	80.515579	-88.290823	58.099593	-88.533233	61.044395	61.612701	
600	81.302815	61.035774	-47.664974	-71.275797	60.256508	-36.859625	39.665633	59.284947	-58.970986	-69.808563	23.037535	34.268289	70.562235	-94.262673	51.708259	-56.655948	76.995725	36.772347	-37.126473	-96.903582	1.372381	67.240254	-96.960756	-90.820454	80.515579	-88.290823	58.099593	-88.533233	61.044395	61.612701	
750	81.302815	61.035774	-47.664974	-71.275797	60.256508	-36.859625	39.665633	59.284947	-58.970986	-69.808563	23.037535	34.268289	70.562235	-94.262673	51.708259	-56.655948	76.995725	36.772347	-37.126473	-96.903582	1.372381	67.240254	-96.960756	-90.820454	80.515579	-88.290823	58.099593	-88.533233	61.044395	61.612701	
900	81.302815	61.035774	-47.664974	-71.275797	60.256508	-36.859625	39.665633	59.284947	-58.970986	-69.808563	23.037535	34.268289	70.562235	-94.262673	51.708259	-56.655948	76.995725	36.772347	-37.126473	-96.903582	1.372381	67.240254	-96.960756	-90.820454	80.515579	-88.290823	58.099593	-88.533233	61.044395	61.612701	
1050	46.458788	-35.738887	31.964710	65.019957	-28.709759	-77.167772	-3.551943	44.595087	78.352812	-30.252940	-23.414843	90.805116	28.367496	-28.388039	95.300006	51.026948	34.573005	50.396855	-73.649860	44.444159	-6.034767	-6.672758	-23.098950	58.774457	-74.141902	87.139120	61.689953	39.692550	78.607977	4.634771	
1200	62.520593	77.144955	-28.589052	-30.330679	17.140664	-20.291075	31.186430	79.649906	-22.233036	-3.865906	-65.618999	33.171033	-33.599764	-25.259896	37.968223	-71.750575	86.900312	77.136776	69.137915	60.952280	62.556611	-33.493216	-16.360819	41.745264	-36.996170	-25.035595	-76.702947	4.520037	14.111067	-43.197507	
1350	62.520593	77.144955	-28.589052	-30.330679	17.140664	-20.291075	31.186430	79.649906	-22.233036	-3.865906	-65.618999	33.171033	-33.599764	-25.259896	37.968223	-71.750575	86.900312	77.136776	69.137915	60.952280	62.556611	-33.493216	-16.360819	41.745264	-36.996170	-25.035595	-76.702947	4.520037	14.111067	-43.197507	
1500	62.520593	77.144955	-28.589052	-30.330679	17.140664	-20.291075	31.186430	79.649906	-22.233036	-3.865906	-65.618999	33.171033	-33.599764	-25.259896	37.968223	-71.750575	86.900312	77.136776	69.137915	60.952280	62.556611	-33.493216	-16.360819	41.745264	-36.996170	-25.035595	-76.702947	4.520037	14.111067	-43.197507	
