     % Run	                  15	                  30	                  45	                  60	                  75	                  90	                 105	                 120	                 135	                 150	                 300	                 450	                 600	                 750	                 900	                1050	                1200	                1350	                1500	
         1	        9.147323e+02	        9.143556e+02	        9.143556e+02	        9.143556e+02	        9.143556e+02	        9.143556e+02	        9.143556e+02	        9.142917e+02	        9.142917e+02	        9.142917e+02	        9.142493e+02	        9.142493e+02	        9.142231e+02	        9.141071e+02	        9.141071e+02	        9.141071e+02	        9.141071e+02	        9.141071e+02	        9.141071e+02	
         2	        9.144343e+02	        9.144343e+02	        9.144343e+02	        9.144343e+02	        9.144343e+02	        9.144343e+02	        9.142643e+02	        9.142643e+02	        9.142643e+02	        9.142643e+02	        9.142643e+02	        9.142643e+02	        9.142643e+02	        9.140530e+02	        9.140530e+02	        9.140530e+02	        9.140530e+02	        9.140530e+02	        9.136732e+02	
         3	        9.147339e+02	        9.147339e+02	        9.146678e+02	        9.146678e+02	        9.142997e+02	        9.142997e+02	        9.142997e+02	        9.142997e+02	        9.142997e+02	        9.142997e+02	        9.142997e+02	        9.142020e+02	        9.142020e+02	        9.142020e+02	        9.142020e+02	        9.142020e+02	        9.142020e+02	        9.141849e+02	        9.141849e+02	
         4	        9.143808e+02	        9.143808e+02	        9.143808e+02	        9.143808e+02	        9.143808e+02	        9.143808e+02	        9.143808e+02	        9.143808e+02	        9.143808e+02	        9.143808e+02	        9.143808e+02	        9.143808e+02	        9.143024e+02	        9.142367e+02	        9.142367e+02	        9.140987e+02	        9.140987e+02	        9.140987e+02	        9.140987e+02	
         5	        9.146310e+02	        9.145957e+02	        9.145500e+02	        9.145500e+02	        9.145500e+02	        9.144449e+02	        9.144449e+02	        9.144449e+02	        9.144449e+02	        9.144449e+02	        9.142262e+02	        9.142262e+02	        9.142262e+02	        9.142262e+02	        9.138904e+02	        9.138904e+02	        9.138904e+02	        9.138904e+02	        9.138904e+02	
         6	        9.148408e+02	        9.145225e+02	        9.145225e+02	        9.144957e+02	        9.144240e+02	        9.144240e+02	        9.144240e+02	        9.143256e+02	        9.143256e+02	        9.143256e+02	        9.142983e+02	        9.142983e+02	        9.142684e+02	        9.142684e+02	        9.141958e+02	        9.141958e+02	        9.141958e+02	        9.141958e+02	        9.141581e+02	
         7	        9.146660e+02	        9.144995e+02	        9.144995e+02	        9.144995e+02	        9.144546e+02	        9.144546e+02	        9.144546e+02	        9.144546e+02	        9.144546e+02	        9.144546e+02	        9.144106e+02	        9.143700e+02	        9.142515e+02	        9.142515e+02	        9.142515e+02	        9.142350e+02	        9.142350e+02	        9.141904e+02	        9.137051e+02	
         8	        9.145739e+02	        9.145739e+02	        9.145306e+02	        9.145306e+02	        9.145306e+02	        9.145306e+02	        9.145306e+02	        9.145306e+02	        9.145306e+02	        9.145306e+02	        9.144861e+02	        9.142743e+02	        9.142743e+02	        9.142743e+02	        9.142743e+02	        9.142743e+02	        9.137982e+02	        9.137982e+02	        9.137982e+02	
         9	        9.146484e+02	        9.143611e+02	        9.143611e+02	        9.143611e+02	        9.143611e+02	        9.143611e+02	        9.143611e+02	        9.143611e+02	        9.143611e+02	        9.142127e+02	        9.142127e+02	        9.142127e+02	        9.141704e+02	        9.141704e+02	        9.141704e+02	        9.141704e+02	        9.141704e+02	        9.138681e+02	        9.138681e+02	
        10	        9.148151e+02	        9.141548e+02	        9.141548e+02	        9.141548e+02	        9.141548e+02	        9.141548e+02	        9.141548e+02	        9.141548e+02	        9.141548e+02	        9.141548e+02	        9.141288e+02	        9.141288e+02	        9.141288e+02	        9.141288e+02	        9.141288e+02	        9.141288e+02	        9.141288e+02	        9.141288e+02	        9.141288e+02	
        11	        9.145576e+02	        9.145576e+02	        9.145576e+02	        9.145576e+02	        9.145576e+02	        9.145576e+02	        9.145576e+02	        9.145576e+02	        9.145576e+02	        9.144297e+02	        9.142902e+02	        9.142902e+02	        9.142902e+02	        9.142902e+02	        9.142902e+02	        9.140079e+02	        9.140079e+02	        9.140079e+02	        9.140079e+02	
        12	        9.146322e+02	        9.141661e+02	        9.141661e+02	        9.141661e+02	        9.141661e+02	        9.141661e+02	        9.141661e+02	        9.141661e+02	        9.141661e+02	        9.141661e+02	        9.141661e+02	        9.141661e+02	        9.141661e+02	        9.140279e+02	        9.140279e+02	        9.140279e+02	        9.140027e+02	        9.140027e+02	        9.140027e+02	
        13	        9.146260e+02	        9.145015e+02	        9.145015e+02	        9.145015e+02	        9.145015e+02	        9.143516e+02	        9.143516e+02	        9.143516e+02	        9.142504e+02	        9.142504e+02	        9.142324e+02	        9.142324e+02	        9.142324e+02	        9.142324e+02	        9.141748e+02	        9.141748e+02	        9.141748e+02	        9.140594e+02	        9.140594e+02	
        14	        9.143399e+02	        9.143399e+02	        9.143399e+02	        9.143399e+02	        9.143399e+02	        9.143399e+02	        9.143399e+02	        9.143399e+02	        9.143399e+02	        9.143399e+02	        9.143399e+02	        9.143075e+02	        9.143075e+02	        9.143075e+02	        9.140405e+02	        9.140405e+02	        9.140405e+02	        9.140405e+02	        9.140405e+02	
        15	        9.147473e+02	        9.144005e+02	        9.144005e+02	        9.144005e+02	        9.144005e+02	        9.144005e+02	        9.144005e+02	        9.143910e+02	        9.143910e+02	        9.143910e+02	        9.141994e+02	        9.141994e+02	        9.141994e+02	        9.141994e+02	        9.141470e+02	        9.141470e+02	        9.141470e+02	        9.141470e+02	        9.141470e+02	
        16	        9.143636e+02	        9.143054e+02	        9.143054e+02	        9.143054e+02	        9.143054e+02	        9.143054e+02	        9.143054e+02	        9.143054e+02	        9.140637e+02	        9.140637e+02	        9.138788e+02	        9.138788e+02	        9.138788e+02	        9.138788e+02	        9.138788e+02	        9.136777e+02	        9.136777e+02	        9.136777e+02	        9.136777e+02	
        17	        9.147311e+02	        9.146654e+02	        9.143756e+02	        9.143756e+02	        9.143756e+02	        9.143756e+02	        9.143756e+02	        9.143756e+02	        9.143756e+02	        9.142161e+02	        9.142161e+02	        9.142161e+02	        9.140216e+02	        9.140216e+02	        9.139723e+02	        9.139723e+02	        9.139723e+02	        9.139723e+02	        9.139723e+02	
        18	        9.146925e+02	        9.144483e+02	        9.142682e+02	        9.142682e+02	        9.142682e+02	        9.142682e+02	        9.142682e+02	        9.142682e+02	        9.142682e+02	        9.142682e+02	        9.142682e+02	        9.141814e+02	        9.141814e+02	        9.141814e+02	        9.141814e+02	        9.141814e+02	        9.141814e+02	        9.141814e+02	        9.141142e+02	
        19	        9.146582e+02	        9.146582e+02	        9.144762e+02	        9.144762e+02	        9.140447e+02	        9.140447e+02	        9.140447e+02	        9.140447e+02	        9.140447e+02	        9.140447e+02	        9.138739e+02	        9.138739e+02	        9.138739e+02	        9.138739e+02	        9.138739e+02	        9.138739e+02	        9.138739e+02	        9.138739e+02	        9.138739e+02	
        20	        9.148637e+02	        9.147976e+02	        9.144290e+02	        9.144290e+02	        9.144290e+02	        9.144290e+02	        9.144290e+02	        9.144290e+02	        9.144290e+02	        9.144290e+02	        9.142227e+02	        9.140940e+02	        9.140940e+02	        9.140940e+02	        9.140940e+02	        9.140940e+02	        9.140940e+02	        9.140940e+02	        9.140940e+02	
