%count	x
15	-24.275729	-35.932267	51.047474	92.589193	-99.678383	0.134438	77.710801	-61.072412	-51.020882	-52.801522	-83.777405	-2.809299	-20.588393	76.694210	-27.283307	-47.287689	-46.092660	12.580458	6.744718	-85.415162	11.602295	86.926448	53.235287	-6.710124	-7.910020	62.843979	-69.263651	-1.837857	-65.928211	-43.628058	
30	-26.358919	-10.406700	65.873628	44.064315	74.411041	-69.139625	12.492232	-90.128677	43.958185	-61.262285	77.433783	70.354789	-48.550567	22.003485	65.430352	-26.988961	96.300469	20.158299	53.121852	43.085540	0.705157	8.215708	-39.151626	-19.496374	-26.555986	89.426877	96.143418	22.219614	88.728158	-90.425598	
45	-26.358919	-10.406700	65.873628	44.064315	74.411041	-69.139625	12.492232	-90.128677	43.958185	-61.262285	77.433783	70.354789	-48.550567	22.003485	65.430352	-26.988961	96.300469	20.158299	53.121852	43.085540	0.705157	8.215708	-39.151626	-19.496374	-26.555986	89.426877	96.143418	22.219614	88.728158	-90.425598	
60	69.557173	41.893787	52.423324	65.609497	15.665362	57.274768	-68.219186	-92.422094	0.579245	43.189583	-5.891381	50.205189	-83.346522	-15.081585	17.780588	27.388926	48.678833	83.904396	3.989548	-9.171026	42.467320	-25.128499	-83.281499	-75.539344	-61.867119	-12.218632	42.141774	-54.307982	-71.846076	7.321639	
75	69.557173	41.893787	52.423324	65.609497	15.665362	57.274768	-68.219186	-92.422094	0.579245	43.189583	-5.891381	50.205189	-83.346522	-15.081585	17.780588	27.388926	48.678833	83.904396	3.989548	-9.171026	42.467320	-25.128499	-83.281499	-75.539344	-61.867119	-12.218632	42.141774	-54.307982	-71.846076	7.321639	
90	-13.213465	31.106490	-25.506277	3.436739	-46.139259	63.247678	-79.331050	27.342785	-15.839714	27.180572	-24.935155	79.133786	36.254035	28.978229	18.895215	29.759871	-24.827376	19.164495	33.475895	-59.091791	-25.852053	75.968087	4.082599	-24.695254	-98.982302	46.414528	-59.624086	-50.089084	73.524270	46.050523	
105	-13.213465	31.106490	-25.506277	3.436739	-46.139259	63.247678	-79.331050	27.342785	-15.839714	27.180572	-24.935155	79.133786	36.254035	28.978229	18.895215	29.759871	-24.827376	19.164495	33.475895	-59.091791	-25.852053	75.968087	4.082599	-24.695254	-98.982302	46.414528	-59.624086	-50.089084	73.524270	46.050523	
120	-13.213465	31.106490	-25.506277	3.436739	-46.139259	63.247678	-79.331050	27.342785	-15.839714	27.180572	-24.935155	79.133786	36.254035	28.978229	18.895215	29.759871	-24.827376	19.164495	33.475895	-59.091791	-25.852053	75.968087	4.082599	-24.695254	-98.982302	46.414528	-59.624086	-50.089084	73.524270	46.050523	
135	-13.213465	31.106490	-25.506277	3.436739	-46.139259	63.247678	-79.331050	27.342785	-15.839714	27.180572	-24.935155	79.133786	36.254035	28.978229	18.895215	29.759871	-24.827376	19.164495	33.475895	-59.091791	-25.852053	75.968087	4.082599	-24.695254	-98.982302	46.414528	-59.624086	-50.089084	73.524270	46.050523	
150	-13.213465	31.106490	-25.506277	3.436739	-46.139259	63.247678	-79.331050	27.342785	-15.839714	27.180572	-24.935155	79.133786	36.254035	28.978229	18.895215	29.759871	-24.827376	19.164495	33.475895	-59.091791	-25.852053	75.968087	4.082599	-24.695254	-98.982302	46.414528	-59.624086	-50.089084	73.524270	46.050523	
300	92.040369	46.068841	82.952503	90.633478	20.411811	17.814976	-75.277101	-20.470242	-56.555738	-44.236246	72.491495	55.428122	-90.873115	21.415872	87.466455	-4.714633	-33.909673	57.058155	-7.586115	6.605991	-53.572527	88.372595	94.487932	83.494556	-8.430053	49.354640	88.165107	20.349814	-20.981180	-78.570787	
450	92.040369	46.068841	82.952503	90.633478	20.411811	17.814976	-75.277101	-20.470242	-56.555738	-44.236246	72.491495	55.428122	-90.873115	21.415872	87.466455	-4.714633	-33.909673	57.058155	-7.586115	6.605991	-53.572527	88.372595	94.487932	83.494556	-8.430053	49.354640	88.165107	20.349814	-20.981180	-78.570787	
600	-24.365059	60.953939	-81.586392	57.941878	-93.911341	13.185339	84.102850	15.265543	68.493471	65.028218	8.963479	-10.487794	-56.935182	-21.579157	-19.916251	27.931085	27.099769	-1.536177	4.732088	-27.582949	-21.663454	-35.158079	-43.554120	-55.238024	-39.140254	3.698778	-48.237642	-13.384072	6.506984	-80.259418	
750	-24.365059	60.953939	-81.586392	57.941878	-93.911341	13.185339	84.102850	15.265543	68.493471	65.028218	8.963479	-10.487794	-56.935182	-21.579157	-19.916251	27.931085	27.099769	-1.536177	4.732088	-27.582949	-21.663454	-35.158079	-43.554120	-55.238024	-39.140254	3.698778	-48.237642	-13.384072	6.506984	-80.259418	
900	-24.365059	60.953939	-81.586392	57.941878	-93.911341	13.185339	84.102850	15.265543	68.493471	65.028218	8.963479	-10.487794	-56.935182	-21.579157	-19.916251	27.931085	27.099769	-1.536177	4.732088	-27.582949	-21.663454	-35.158079	-43.554120	-55.238024	-39.140254	3.698778	-48.237642	-13.384072	6.506984	-80.259418	
1050	65.584043	45.696164	-92.259433	16.282013	-19.737950	-31.511400	-38.113805	21.109432	-28.520717	57.854802	27.741906	-39.366686	29.584099	76.480302	16.393868	-7.087489	-98.169656	11.610512	-18.034474	-20.665072	-61.526252	12.003346	-60.268121	-27.006189	-63.333530	-35.090197	-47.019502	5.746969	-88.492175	-88.264984	
1200	65.584043	45.696164	-92.259433	16.282013	-19.737950	-31.511400	-38.113805	21.109432	-28.520717	57.854802	27.741906	-39.366686	29.584099	76.480302	16.393868	-7.087489	-98.169656	11.610512	-18.034474	-20.665072	-61.526252	12.003346	-60.268121	-27.006189	-63.333530	-35.090197	-47.019502	5.746969	-88.492175	-88.264984	
1350	65.584043	45.696164	-92.259433	16.282013	-19.737950	-31.511400	-38.113805	21.109432	-28.520717	57.854802	27.741906	-39.366686	29.584099	76.480302	16.393868	-7.087489	-98.169656	11.610512	-18.034474	-20.665072	-61.526252	12.003346	-60.268121	-27.006189	-63.333530	-35.090197	-47.019502	5.746969	-88.492175	-88.264984	
1500	65.584043	45.696164	-92.259433	16.282013	-19.737950	-31.511400	-38.113805	21.109432	-28.520717	57.854802	27.741906	-39.366686	29.584099	76.480302	16.393868	-7.087489	-98.169656	11.610512	-18.034474	-20.665072	-61.526252	12.003346	-60.268121	-27.006189	-63.333530	-35.090197	-47.019502	5.746969	-88.492175	-88.264984	
