%count	x
15	1.147092	-10.754327	54.411861	76.561501	81.053035	-71.833879	-17.089291	-34.925914	-89.754464	76.050699	-33.851915	90.581492	-22.110269	79.335706	55.988794	-6.875762	-57.034863	27.745411	-98.084604	-86.663297	-72.442501	55.775575	20.719919	12.672106	-7.984539	-19.481110	28.134152	-70.684658	0.653182	-88.415059	
30	55.968434	74.328098	-31.216389	18.916255	-15.016893	51.084612	-47.023495	-26.535732	35.809694	-50.382146	-13.731312	58.713972	40.980776	28.502797	66.872605	-64.906680	-40.251289	6.364423	-55.693813	8.029066	-31.822622	92.993225	-66.667230	-44.429070	-37.653562	-56.449272	-49.202762	-16.284768	-88.176760	-20.341201	
45	55.968434	74.328098	-31.216389	18.916255	-15.016893	51.084612	-47.023495	-26.535732	35.809694	-50.382146	-13.731312	58.713972	40.980776	28.502797	66.872605	-64.906680	-40.251289	6.364423	-55.693813	8.029066	-31.822622	92.993225	-66.667230	-44.429070	-37.653562	-56.449272	-49.202762	-16.284768	-88.176760	-20.341201	
60	55.968434	74.328098	-31.216389	18.916255	-15.016893	51.084612	-47.023495	-26.535732	35.809694	-50.382146	-13.731312	58.713972	40.980776	28.502797	66.872605	-64.906680	-40.251289	6.364423	-55.693813	8.029066	-31.822622	92.993225	-66.667230	-44.429070	-37.653562	-56.449272	-49.202762	-16.284768	-88.176760	-20.341201	
75	55.968434	74.328098	-31.216389	18.916255	-15.016893	51.084612	-47.023495	-26.535732	35.809694	-50.382146	-13.731312	58.713972	40.980776	28.502797	66.872605	-64.906680	-40.251289	6.364423	-55.693813	8.029066	-31.822622	92.993225	-66.667230	-44.429070	-37.653562	-56.449272	-49.202762	-16.284768	-88.176760	-20.341201	
90	55.968434	74.328098	-31.216389	18.916255	-15.016893	51.084612	-47.023495	-26.535732	35.809694	-50.382146	-13.731312	58.713972	40.980776	28.502797	66.872605	-64.906680	-40.251289	6.364423	-55.693813	8.029066	-31.822622	92.993225	-66.667230	-44.429070	-37.653562	-56.449272	-49.202762	-16.284768	-88.176760	-20.341201	
105	55.968434	74.328098	-31.216389	18.916255	-15.016893	51.084612	-47.023495	-26.535732	35.809694	-50.382146	-13.731312	58.713972	40.980776	28.502797	66.872605	-64.906680	-40.251289	6.364423	-55.693813	8.029066	-31.822622	92.993225	-66.667230	-44.429070	-37.653562	-56.449272	-49.202762	-16.284768	-88.176760	-20.341201	
120	55.968434	74.328098	-31.216389	18.916255	-15.016893	51.084612	-47.023495	-26.535732	35.809694	-50.382146	-13.731312	58.713972	40.980776	28.502797	66.872605	-64.906680	-40.251289	6.364423	-55.693813	8.029066	-31.822622	92.993225	-66.667230	-44.429070	-37.653562	-56.449272	-49.202762	-16.284768	-88.176760	-20.341201	
135	55.968434	74.328098	-31.216389	18.916255	-15.016893	51.084612	-47.023495	-26.535732	35.809694	-50.382146	-13.731312	58.713972	40.980776	28.502797	66.872605	-64.906680	-40.251289	6.364423	-55.693813	8.029066	-31.822622	92.993225	-66.667230	-44.429070	-37.653562	-56.449272	-49.202762	-16.284768	-88.176760	-20.341201	
150	55.968434	74.328098	-31.216389	18.916255	-15.016893	51.084612	-47.023495	-26.535732	35.809694	-50.382146	-13.731312	58.713972	40.980776	28.502797	66.872605	-64.906680	-40.251289	6.364423	-55.693813	8.029066	-31.822622	92.993225	-66.667230	-44.429070	-37.653562	-56.449272	-49.202762	-16.284768	-88.176760	-20.341201	
300	-52.611103	53.372316	45.217482	-61.823307	-57.060280	9.510300	13.917668	19.507982	-26.919777	77.251375	-70.694430	98.760643	-81.287533	37.337560	59.153836	33.264500	26.560262	-2.838464	-68.472734	-29.653817	-89.286072	34.006642	41.041940	-65.459722	-41.397636	32.445547	89.221037	-10.720100	-86.357168	-39.665995	
450	16.013039	26.505221	3.137702	52.113353	29.989611	-61.338491	44.139908	-53.853405	-40.377408	62.426844	14.181945	60.579423	-31.165516	-50.213217	-43.699360	-17.353636	5.341802	33.038536	-72.907874	-73.442094	-4.422605	31.048872	2.390241	-29.185057	-53.186077	35.314159	43.371620	-5.091931	-84.816910	-37.037040	
600	16.013039	26.505221	3.137702	52.113353	29.989611	-61.338491	44.139908	-53.853405	-40.377408	62.426844	14.181945	60.579423	-31.165516	-50.213217	-43.699360	-17.353636	5.341802	33.038536	-72.907874	-73.442094	-4.422605	31.048872	2.390241	-29.185057	-53.186077	35.314159	43.371620	-5.091931	-84.816910	-37.037040	
750	8.914569	60.596759	16.999190	-59.134171	-86.885551	-38.817083	61.137504	-7.534038	-28.369338	-0.311068	23.099895	0.426800	-57.852978	46.124104	-53.535946	10.386509	24.424809	63.660830	95.514454	-13.079849	16.599651	81.149822	-86.013234	-7.816216	-72.597724	-63.882497	17.075981	92.463647	-91.317263	-71.890099	
900	8.914569	60.596759	16.999190	-59.134171	-86.885551	-38.817083	61.137504	-7.534038	-28.369338	-0.311068	23.099895	0.426800	-57.852978	46.124104	-53.535946	10.386509	24.424809	63.660830	95.514454	-13.079849	16.599651	81.149822	-86.013234	-7.816216	-72.597724	-63.882497	17.075981	92.463647	-91.317263	-71.890099	
1050	-44.619609	-5.014706	9.427923	78.836048	-82.548195	1.672059	-10.245853	-72.983452	-98.983394	-25.845860	-49.383711	-39.871917	-89.792113	1.627167	93.720486	-3.684877	50.558140	45.911931	50.214172	46.079548	6.554739	84.510748	31.119585	20.361917	-98.485900	21.227851	69.070323	-0.936119	-6.508113	-89.425295	
1200	-44.619609	-5.014706	9.427923	78.836048	-82.548195	1.672059	-10.245853	-72.983452	-98.983394	-25.845860	-49.383711	-39.871917	-89.792113	1.627167	93.720486	-3.684877	50.558140	45.911931	50.214172	46.079548	6.554739	84.510748	31.119585	20.361917	-98.485900	21.227851	69.070323	-0.936119	-6.508113	-89.425295	
1350	-44.619609	-5.014706	9.427923	78.836048	-82.548195	1.672059	-10.245853	-72.983452	-98.983394	-25.845860	-49.383711	-39.871917	-89.792113	1.627167	93.720486	-3.684877	50.558140	45.911931	50.214172	46.079548	6.554739	84.510748	31.119585	20.361917	-98.485900	21.227851	69.070323	-0.936119	-6.508113	-89.425295	
1500	-44.619609	-5.014706	9.427923	78.836048	-82.548195	1.672059	-10.245853	-72.983452	-98.983394	-25.845860	-49.383711	-39.871917	-89.792113	1.627167	93.720486	-3.684877	50.558140	45.911931	50.214172	46.079548	6.554739	84.510748	31.119585	20.361917	-98.485900	21.227851	69.070323	-0.936119	-6.508113	-89.425295	
