%count	x
15	-4.894483	89.461278	72.395175	-26.140297	45.365871	-28.350639	-20.660822	-53.730938	-57.437835	-79.236539	-73.621161	66.044060	35.628603	-63.339564	-90.591736	-33.663827	-3.110853	21.935036	80.722106	-73.361036	36.978266	97.558151	26.786876	37.075504	44.637824	7.041120	60.607119	93.530755	16.410554	0.962697	
30	-4.894483	89.461278	72.395175	-26.140297	45.365871	-28.350639	-20.660822	-53.730938	-57.437835	-79.236539	-73.621161	66.044060	35.628603	-63.339564	-90.591736	-33.663827	-3.110853	21.935036	80.722106	-73.361036	36.978266	97.558151	26.786876	37.075504	44.637824	7.041120	60.607119	93.530755	16.410554	0.962697	
45	-4.894483	89.461278	72.395175	-26.140297	45.365871	-28.350639	-20.660822	-53.730938	-57.437835	-79.236539	-73.621161	66.044060	35.628603	-63.339564	-90.591736	-33.663827	-3.110853	21.935036	80.722106	-73.361036	36.978266	97.558151	26.786876	37.075504	44.637824	7.041120	60.607119	93.530755	16.410554	0.962697	
60	-4.894483	89.461278	72.395175	-26.140297	45.365871	-28.350639	-20.660822	-53.730938	-57.437835	-79.236539	-73.621161	66.044060	35.628603	-63.339564	-90.591736	-33.663827	-3.110853	21.935036	80.722106	-73.361036	36.978266	97.558151	26.786876	37.075504	44.637824	7.041120	60.607119	93.530755	16.410554	0.962697	
75	-4.894483	89.461278	72.395175	-26.140297	45.365871	-28.350639	-20.660822	-53.730938	-57.437835	-79.236539	-73.621161	66.044060	35.628603	-63.339564	-90.591736	-33.663827	-3.110853	21.935036	80.722106	-73.361036	36.978266	97.558151	26.786876	37.075504	44.637824	7.041120	60.607119	93.530755	16.410554	0.962697	
90	-4.894483	89.461278	72.395175	-26.140297	45.365871	-28.350639	-20.660822	-53.730938	-57.437835	-79.236539	-73.621161	66.044060	35.628603	-63.339564	-90.591736	-33.663827	-3.110853	21.935036	80.722106	-73.361036	36.978266	97.558151	26.786876	37.075504	44.637824	7.041120	60.607119	93.530755	16.410554	0.962697	
105	-4.894483	89.461278	72.395175	-26.140297	45.365871	-28.350639	-20.660822	-53.730938	-57.437835	-79.236539	-73.621161	66.044060	35.628603	-63.339564	-90.591736	-33.663827	-3.110853	21.935036	80.722106	-73.361036	36.978266	97.558151	26.786876	37.075504	44.637824	7.041120	60.607119	93.530755	16.410554	0.962697	
120	-4.894483	89.461278	72.395175	-26.140297	45.365871	-28.350639	-20.660822	-53.730938	-57.437835	-79.236539	-73.621161	66.044060	35.628603	-63.339564	-90.591736	-33.663827	-3.110853	21.935036	80.722106	-73.361036	36.978266	97.558151	26.786876	37.075504	44.637824	7.041120	60.607119	93.530755	16.410554	0.962697	
135	4.877973	-57.350472	-55.942463	8.753358	41.873435	21.185911	-7.925751	29.327607	-14.964493	-73.339008	96.283937	-87.136490	55.990551	60.380202	-70.806371	-9.977381	-53.002901	64.698423	85.248016	-89.769883	35.259431	98.650367	-75.434907	-23.496763	-78.213408	-95.528396	-32.330200	52.217745	-57.470404	-81.135813	
150	4.877973	-57.350472	-55.942463	8.753358	41.873435	21.185911	-7.925751	29.327607	-14.964493	-73.339008	96.283937	-87.136490	55.990551	60.380202	-70.806371	-9.977381	-53.002901	64.698423	85.248016	-89.769883	35.259431	98.650367	-75.434907	-23.496763	-78.213408	-95.528396	-32.330200	52.217745	-57.470404	-81.135813	
300	92.799802	-89.807361	2.686596	-76.332741	58.635863	-55.361578	-7.751376	75.534584	-24.113768	-64.205993	-62.148097	-46.035860	-43.791056	-32.021390	-98.487920	-66.508762	14.759416	28.313758	70.575976	-66.990293	60.104125	79.950949	80.594819	15.398598	-94.820573	13.772695	-80.765465	53.284613	12.526384	-57.116082	
450	92.799802	-89.807361	2.686596	-76.332741	58.635863	-55.361578	-7.751376	75.534584	-24.113768	-64.205993	-62.148097	-46.035860	-43.791056	-32.021390	-98.487920	-66.508762	14.759416	28.313758	70.575976	-66.990293	60.104125	79.950949	80.594819	15.398598	-94.820573	13.772695	-80.765465	53.284613	12.526384	-57.116082	
600	92.799802	-89.807361	2.686596	-76.332741	58.635863	-55.361578	-7.751376	75.534584	-24.113768	-64.205993	-62.148097	-46.035860	-43.791056	-32.021390	-98.487920	-66.508762	14.759416	28.313758	70.575976	-66.990293	60.104125	79.950949	80.594819	15.398598	-94.820573	13.772695	-80.765465	53.284613	12.526384	-57.116082	
750	92.799802	-89.807361	2.686596	-76.332741	58.635863	-55.361578	-7.751376	75.534584	-24.113768	-64.205993	-62.148097	-46.035860	-43.791056	-32.021390	-98.487920	-66.508762	14.759416	28.313758	70.575976	-66.990293	60.104125	79.950949	80.594819	15.398598	-94.820573	13.772695	-80.765465	53.284613	12.526384	-57.116082	
900	92.799802	-89.807361	2.686596	-76.332741	58.635863	-55.361578	-7.751376	75.534584	-24.113768	-64.205993	-62.148097	-46.035860	-43.791056	-32.021390	-98.487920	-66.508762	14.759416	28.313758	70.575976	-66.990293	60.104125	79.950949	80.594819	15.398598	-94.820573	13.772695	-80.765465	53.284613	12.526384	-57.116082	
1050	92.799802	-89.807361	2.686596	-76.332741	58.635863	-55.361578	-7.751376	75.534584	-24.113768	-64.205993	-62.148097	-46.035860	-43.791056	-32.021390	-98.487920	-66.508762	14.759416	28.313758	70.575976	-66.990293	60.104125	79.950949	80.594819	15.398598	-94.820573	13.772695	-80.765465	53.284613	12.526384	-57.116082	
1200	92.799802	-89.807361	2.686596	-76.332741	58.635863	-55.361578	-7.751376	75.534584	-24.113768	-64.205993	-62.148097	-46.035860	-43.791056	-32.021390	-98.487920	-66.508762	14.759416	28.313758	70.575976	-66.990293	60.104125	79.950949	80.594819	15.398598	-94.820573	13.772695	-80.765465	53.284613	12.526384	-57.116082	
1350	92.799802	-89.807361	2.686596	-76.332741	58.635863	-55.361578	-7.751376	75.534584	-24.113768	-64.205993	-62.148097	-46.035860	-43.791056	-32.021390	-98.487920	-66.508762	14.759416	28.313758	70.575976	-66.990293	60.104125	79.950949	80.594819	15.398598	-94.820573	13.772695	-80.765465	53.284613	12.526384	-57.116082	
1500	92.799802	-89.807361	2.686596	-76.332741	58.635863	-55.361578	-7.751376	75.534584	-24.113768	-64.205993	-62.148097	-46.035860	-43.791056	-32.021390	-98.487920	-66.508762	14.759416	28.313758	70.575976	-66.990293	60.104125	79.950949	80.594819	15.398598	-94.820573	13.772695	-80.765465	53.284613	12.526384	-57.116082	
