%count	x
15	4.691275	-41.676276	10.274773	37.867611	-14.585107	-46.921443	-74.156726	-7.836697	99.307699	78.036750	-26.236138	4.688511	-24.461228	45.411582	27.986372	68.630520	-4.392572	44.783307	-52.336143	96.442625	74.807643	84.768330	52.454535	19.497473	39.581862	56.518908	38.443927	39.605019	14.218448	1.159907	
30	-33.973165	-63.085182	-1.594334	37.593080	-33.028471	-7.416153	59.257228	-91.201087	88.942918	-15.397876	36.790642	-20.180390	-66.034890	83.198960	67.526163	31.151208	-0.750956	64.916156	83.351707	-34.489814	54.702311	-45.547807	-51.320951	-28.154539	21.581667	27.035440	39.336459	-42.431459	13.946220	-75.722443	
45	-72.956725	-11.143834	10.862515	-55.508018	-43.827654	-23.064405	90.802186	53.479230	-25.786692	88.725054	-20.445682	69.064696	4.245262	56.075374	-19.070900	3.503482	-33.262441	81.427241	-6.300501	95.403089	-27.197342	30.620192	65.803740	36.539050	-73.501298	-51.483416	-11.110474	38.943026	3.341929	66.956106	
60	-72.956725	-11.143834	10.862515	-55.508018	-43.827654	-23.064405	90.802186	53.479230	-25.786692	88.725054	-20.445682	69.064696	4.245262	56.075374	-19.070900	3.503482	-33.262441	81.427241	-6.300501	95.403089	-27.197342	30.620192	65.803740	36.539050	-73.501298	-51.483416	-11.110474	38.943026	3.341929	66.956106	
75	-72.956725	-11.143834	10.862515	-55.508018	-43.827654	-23.064405	90.802186	53.479230	-25.786692	88.725054	-20.445682	69.064696	4.245262	56.075374	-19.070900	3.503482	-33.262441	81.427241	-6.300501	95.403089	-27.197342	30.620192	65.803740	36.539050	-73.501298	-51.483416	-11.110474	38.943026	3.341929	66.956106	
90	-72.956725	-11.143834	10.862515	-55.508018	-43.827654	-23.064405	90.802186	53.479230	-25.786692	88.725054	-20.445682	69.064696	4.245262	56.075374	-19.070900	3.503482	-33.262441	81.427241	-6.300501	95.403089	-27.197342	30.620192	65.803740	36.539050	-73.501298	-51.483416	-11.110474	38.943026	3.341929	66.956106	
105	-72.956725	-11.143834	10.862515	-55.508018	-43.827654	-23.064405	90.802186	53.479230	-25.786692	88.725054	-20.445682	69.064696	4.245262	56.075374	-19.070900	3.503482	-33.262441	81.427241	-6.300501	95.403089	-27.197342	30.620192	65.803740	36.539050	-73.501298	-51.483416	-11.110474	38.943026	3.341929	66.956106	
120	-72.956725	-11.143834	10.862515	-55.508018	-43.827654	-23.064405	90.802186	53.479230	-25.786692	88.725054	-20.445682	69.064696	4.245262	56.075374	-19.070900	3.503482	-33.262441	81.427241	-6.300501	95.403089	-27.197342	30.620192	65.803740	36.539050	-73.501298	-51.483416	-11.110474	38.943026	3.341929	66.956106	
135	-72.956725	-11.143834	10.862515	-55.508018	-43.827654	-23.064405	90.802186	53.479230	-25.786692	88.725054	-20.445682	69.064696	4.245262	56.075374	-19.070900	3.503482	-33.262441	81.427241	-6.300501	95.403089	-27.197342	30.620192	65.803740	36.539050	-73.501298	-51.483416	-11.110474	38.943026	3.341929	66.956106	
150	-72.956725	-11.143834	10.862515	-55.508018	-43.827654	-23.064405	90.802186	53.479230	-25.786692	88.725054	-20.445682	69.064696	4.245262	56.075374	-19.070900	3.503482	-33.262441	81.427241	-6.300501	95.403089	-27.197342	30.620192	65.803740	36.539050	-73.501298	-51.483416	-11.110474	38.943026	3.341929	66.956106	
300	-61.253917	-42.141362	68.467090	8.906570	17.211357	7.294064	-11.265179	64.480840	12.187384	11.464609	-15.294253	-3.645791	99.007315	10.289813	25.448650	-89.436900	-67.530743	-91.828148	-59.708747	93.918165	38.671125	-48.958013	-30.207852	-2.380700	26.364818	-72.008044	-45.813168	-91.211061	63.212270	-67.781792	
450	-43.232539	-39.332045	-15.985706	46.461428	99.359531	49.907926	-59.808750	-97.007320	-48.041820	62.213164	-30.261067	29.335913	89.930918	80.710738	-11.824658	-99.544835	63.005705	-48.282396	-42.619954	62.022371	-16.812913	30.269833	-33.006958	-88.364986	-60.220791	81.140013	-46.505726	-96.338840	-18.525112	-67.832606	
600	-43.232539	-39.332045	-15.985706	46.461428	99.359531	49.907926	-59.808750	-97.007320	-48.041820	62.213164	-30.261067	29.335913	89.930918	80.710738	-11.824658	-99.544835	63.005705	-48.282396	-42.619954	62.022371	-16.812913	30.269833	-33.006958	-88.364986	-60.220791	81.140013	-46.505726	-96.338840	-18.525112	-67.832606	
750	-43.232539	-39.332045	-15.985706	46.461428	99.359531	49.907926	-59.808750	-97.007320	-48.041820	62.213164	-30.261067	29.335913	89.930918	80.710738	-11.824658	-99.544835	63.005705	-48.282396	-42.619954	62.022371	-16.812913	30.269833	-33.006958	-88.364986	-60.220791	81.140013	-46.505726	-96.338840	-18.525112	-67.832606	
900	-43.232539	-39.332045	-15.985706	46.461428	99.359531	49.907926	-59.808750	-97.007320	-48.041820	62.213164	-30.261067	29.335913	89.930918	80.710738	-11.824658	-99.544835	63.005705	-48.282396	-42.619954	62.022371	-16.812913	30.269833	-33.006958	-88.364986	-60.220791	81.140013	-46.505726	-96.338840	-18.525112	-67.832606	
1050	-29.336632	-38.671886	37.843597	-58.316403	-63.452261	91.504394	78.156694	1.338552	10.542073	20.308715	-59.571611	21.178819	57.047467	75.887192	-41.147431	-8.013640	-14.929705	-26.081488	-72.000752	47.047169	-50.573799	26.625913	-78.861799	81.764231	-14.025721	-55.127129	52.737388	-61.174819	87.764442	95.163927	
1200	-29.336632	-38.671886	37.843597	-58.316403	-63.452261	91.504394	78.156694	1.338552	10.542073	20.308715	-59.571611	21.178819	57.047467	75.887192	-41.147431	-8.013640	-14.929705	-26.081488	-72.000752	47.047169	-50.573799	26.625913	-78.861799	81.764231	-14.025721	-55.127129	52.737388	-61.174819	87.764442	95.163927	
1350	-5.193007	31.007262	61.445461	-4.837859	-48.418776	67.158388	6.032033	42.886375	60.941364	79.112450	13.541092	40.102974	43.366836	61.100611	-68.998592	-80.191263	-90.884153	50.360537	55.618093	66.154228	60.628308	-39.446376	-96.562503	-29.278292	-6.688194	40.422353	5.778215	-48.453687	1.507737	-13.349179	
1500	-5.193007	31.007262	61.445461	-4.837859	-48.418776	67.158388	6.032033	42.886375	60.941364	79.112450	13.541092	40.102974	43.366836	61.100611	-68.998592	-80.191263	-90.884153	50.360537	55.618093	66.154228	60.628308	-39.446376	-96.562503	-29.278292	-6.688194	40.422353	5.778215	-48.453687	1.507737	-13.349179	
