%count	x
15	89.227211	66.294711	-35.045628	14.333674	25.006911	95.310860	-2.786318	15.302174	-90.888875	-2.467049	24.805481	48.486836	-28.207022	27.714288	16.252131	-41.542964	-13.270278	-35.400564	17.897392	24.654384	-50.355131	-68.176107	57.212323	-86.500327	58.212583	42.722984	62.704588	32.862530	-32.506254	-71.923304	
30	-86.789951	75.057283	-70.808358	-52.864242	-20.908672	-60.642353	40.491809	-93.468845	-82.814048	90.570832	36.820440	81.524396	-39.521631	47.939903	51.769325	-75.780350	-47.897076	-4.105718	17.469215	-93.168100	-85.369916	64.101576	-46.793194	54.744994	18.934877	55.503552	18.025227	-68.436518	99.242211	-0.390705	
45	-86.789951	75.057283	-70.808358	-52.864242	-20.908672	-60.642353	40.491809	-93.468845	-82.814048	90.570832	36.820440	81.524396	-39.521631	47.939903	51.769325	-75.780350	-47.897076	-4.105718	17.469215	-93.168100	-85.369916	64.101576	-46.793194	54.744994	18.934877	55.503552	18.025227	-68.436518	99.242211	-0.390705	
60	-86.789951	75.057283	-70.808358	-52.864242	-20.908672	-60.642353	40.491809	-93.468845	-82.814048	90.570832	36.820440	81.524396	-39.521631	47.939903	51.769325	-75.780350	-47.897076	-4.105718	17.469215	-93.168100	-85.369916	64.101576	-46.793194	54.744994	18.934877	55.503552	18.025227	-68.436518	99.242211	-0.390705	
75	-86.789951	75.057283	-70.808358	-52.864242	-20.908672	-60.642353	40.491809	-93.468845	-82.814048	90.570832	36.820440	81.524396	-39.521631	47.939903	51.769325	-75.780350	-47.897076	-4.105718	17.469215	-93.168100	-85.369916	64.101576	-46.793194	54.744994	18.934877	55.503552	18.025227	-68.436518	99.242211	-0.390705	
90	-86.789951	75.057283	-70.808358	-52.864242	-20.908672	-60.642353	40.491809	-93.468845	-82.814048	90.570832	36.820440	81.524396	-39.521631	47.939903	51.769325	-75.780350	-47.897076	-4.105718	17.469215	-93.168100	-85.369916	64.101576	-46.793194	54.744994	18.934877	55.503552	18.025227	-68.436518	99.242211	-0.390705	
105	-86.789951	75.057283	-70.808358	-52.864242	-20.908672	-60.642353	40.491809	-93.468845	-82.814048	90.570832	36.820440	81.524396	-39.521631	47.939903	51.769325	-75.780350	-47.897076	-4.105718	17.469215	-93.168100	-85.369916	64.101576	-46.793194	54.744994	18.934877	55.503552	18.025227	-68.436518	99.242211	-0.390705	
120	-86.789951	75.057283	-70.808358	-52.864242	-20.908672	-60.642353	40.491809	-93.468845	-82.814048	90.570832	36.820440	81.524396	-39.521631	47.939903	51.769325	-75.780350	-47.897076	-4.105718	17.469215	-93.168100	-85.369916	64.101576	-46.793194	54.744994	18.934877	55.503552	18.025227	-68.436518	99.242211	-0.390705	
135	-86.789951	75.057283	-70.808358	-52.864242	-20.908672	-60.642353	40.491809	-93.468845	-82.814048	90.570832	36.820440	81.524396	-39.521631	47.939903	51.769325	-75.780350	-47.897076	-4.105718	17.469215	-93.168100	-85.369916	64.101576	-46.793194	54.744994	18.934877	55.503552	18.025227	-68.436518	99.242211	-0.390705	
150	-86.789951	75.057283	-70.808358	-52.864242	-20.908672	-60.642353	40.491809	-93.468845	-82.814048	90.570832	36.820440	81.524396	-39.521631	47.939903	51.769325	-75.780350	-47.897076	-4.105718	17.469215	-93.168100	-85.369916	64.101576	-46.793194	54.744994	18.934877	55.503552	18.025227	-68.436518	99.242211	-0.390705	
300	-9.828180	-37.258256	24.058251	66.612716	-43.054579	-2.139677	-19.615575	15.971093	-9.166411	-46.269368	-21.597661	76.867698	19.140735	35.732700	56.323584	-63.243245	-38.369422	-65.732299	12.490930	40.088564	83.916190	43.262389	5.904302	-70.592503	-74.804985	78.819753	22.310320	26.047359	-92.828338	-89.755637	
450	-36.367894	72.284139	2.029121	-81.726150	-33.692610	-53.833648	40.342546	-71.083163	-31.851062	-15.249380	-51.887333	51.121987	-59.257617	19.932676	-24.707270	-77.493997	-89.214964	-90.164256	42.782716	-98.551426	-61.185830	99.979935	19.692506	-71.559564	-65.322287	-27.507610	18.854053	-79.989483	-20.955304	-79.389168	
600	12.338494	72.468985	-18.306417	60.887898	-3.683486	26.299694	-26.414222	56.599767	-71.121453	90.377141	97.102310	53.094273	-56.644756	17.990469	-59.084686	74.341828	-2.081491	9.366614	67.163213	24.773142	-52.230674	33.194441	-75.940923	-12.892569	-11.664729	17.745045	49.119919	47.231400	-70.768671	-68.909155	
750	12.338494	72.468985	-18.306417	60.887898	-3.683486	26.299694	-26.414222	56.599767	-71.121453	90.377141	97.102310	53.094273	-56.644756	17.990469	-59.084686	74.341828	-2.081491	9.366614	67.163213	24.773142	-52.230674	33.194441	-75.940923	-12.892569	-11.664729	17.745045	49.119919	47.231400	-70.768671	-68.909155	
900	12.338494	72.468985	-18.306417	60.887898	-3.683486	26.299694	-26.414222	56.599767	-71.121453	90.377141	97.102310	53.094273	-56.644756	17.990469	-59.084686	74.341828	-2.081491	9.366614	67.163213	24.773142	-52.230674	33.194441	-75.940923	-12.892569	-11.664729	17.745045	49.119919	47.231400	-70.768671	-68.909155	
1050	12.338494	72.468985	-18.306417	60.887898	-3.683486	26.299694	-26.414222	56.599767	-71.121453	90.377141	97.102310	53.094273	-56.644756	17.990469	-59.084686	74.341828	-2.081491	9.366614	67.163213	24.773142	-52.230674	33.194441	-75.940923	-12.892569	-11.664729	17.745045	49.119919	47.231400	-70.768671	-68.909155	
1200	12.338494	72.468985	-18.306417	60.887898	-3.683486	26.299694	-26.414222	56.599767	-71.121453	90.377141	97.102310	53.094273	-56.644756	17.990469	-59.084686	74.341828	-2.081491	9.366614	67.163213	24.773142	-52.230674	33.194441	-75.940923	-12.892569	-11.664729	17.745045	49.119919	47.231400	-70.768671	-68.909155	
1350	12.338494	72.468985	-18.306417	60.887898	-3.683486	26.299694	-26.414222	56.599767	-71.121453	90.377141	97.102310	53.094273	-56.644756	17.990469	-59.084686	74.341828	-2.081491	9.366614	67.163213	24.773142	-52.230674	33.194441	-75.940923	-12.892569	-11.664729	17.745045	49.119919	47.231400	-70.768671	-68.909155	
1500	12.338494	72.468985	-18.306417	60.887898	-3.683486	26.299694	-26.414222	56.599767	-71.121453	90.377141	97.102310	53.094273	-56.644756	17.990469	-59.084686	74.341828	-2.081491	9.366614	67.163213	24.773142	-52.230674	33.194441	-75.940923	-12.892569	-11.664729	17.745045	49.119919	47.231400	-70.768671	-68.909155	
