%count	x
15	59.757886	24.160311	-0.916441	73.803557	-72.382549	98.988061	-88.706234	16.898018	-90.371211	-86.168117	-1.315319	-62.946859	-45.044379	-33.806778	19.701778	66.046805	92.268609	46.360258	-28.012479	29.092107	-82.725252	93.621239	-3.493847	-95.150489	-46.056185	53.651117	-48.915851	14.438561	58.615033	-72.979751	
30	59.757886	24.160311	-0.916441	73.803557	-72.382549	98.988061	-88.706234	16.898018	-90.371211	-86.168117	-1.315319	-62.946859	-45.044379	-33.806778	19.701778	66.046805	92.268609	46.360258	-28.012479	29.092107	-82.725252	93.621239	-3.493847	-95.150489	-46.056185	53.651117	-48.915851	14.438561	58.615033	-72.979751	
45	59.757886	24.160311	-0.916441	73.803557	-72.382549	98.988061	-88.706234	16.898018	-90.371211	-86.168117	-1.315319	-62.946859	-45.044379	-33.806778	19.701778	66.046805	92.268609	46.360258	-28.012479	29.092107	-82.725252	93.621239	-3.493847	-95.150489	-46.056185	53.651117	-48.915851	14.438561	58.615033	-72.979751	
60	59.757886	24.160311	-0.916441	73.803557	-72.382549	98.988061	-88.706234	16.898018	-90.371211	-86.168117	-1.315319	-62.946859	-45.044379	-33.806778	19.701778	66.046805	92.268609	46.360258	-28.012479	29.092107	-82.725252	93.621239	-3.493847	-95.150489	-46.056185	53.651117	-48.915851	14.438561	58.615033	-72.979751	
75	59.757886	24.160311	-0.916441	73.803557	-72.382549	98.988061	-88.706234	16.898018	-90.371211	-86.168117	-1.315319	-62.946859	-45.044379	-33.806778	19.701778	66.046805	92.268609	46.360258	-28.012479	29.092107	-82.725252	93.621239	-3.493847	-95.150489	-46.056185	53.651117	-48.915851	14.438561	58.615033	-72.979751	
90	59.757886	24.160311	-0.916441	73.803557	-72.382549	98.988061	-88.706234	16.898018	-90.371211	-86.168117	-1.315319	-62.946859	-45.044379	-33.806778	19.701778	66.046805	92.268609	46.360258	-28.012479	29.092107	-82.725252	93.621239	-3.493847	-95.150489	-46.056185	53.651117	-48.915851	14.438561	58.615033	-72.979751	
105	78.380603	12.191789	-59.149442	37.781480	-81.694213	-94.560548	-10.559990	-94.829801	79.286302	-18.665340	39.853666	-18.383965	-6.363949	-45.931352	-64.630120	21.507639	-64.845581	-0.510926	-90.365965	-71.874686	60.092852	-2.618182	79.745017	50.175440	-39.269068	75.268465	22.774745	-90.467344	-7.292922	95.193749	
120	78.380603	12.191789	-59.149442	37.781480	-81.694213	-94.560548	-10.559990	-94.829801	79.286302	-18.665340	39.853666	-18.383965	-6.363949	-45.931352	-64.630120	21.507639	-64.845581	-0.510926	-90.365965	-71.874686	60.092852	-2.618182	79.745017	50.175440	-39.269068	75.268465	22.774745	-90.467344	-7.292922	95.193749	
135	78.380603	12.191789	-59.149442	37.781480	-81.694213	-94.560548	-10.559990	-94.829801	79.286302	-18.665340	39.853666	-18.383965	-6.363949	-45.931352	-64.630120	21.507639	-64.845581	-0.510926	-90.365965	-71.874686	60.092852	-2.618182	79.745017	50.175440	-39.269068	75.268465	22.774745	-90.467344	-7.292922	95.193749	
150	78.380603	12.191789	-59.149442	37.781480	-81.694213	-94.560548	-10.559990	-94.829801	79.286302	-18.665340	39.853666	-18.383965	-6.363949	-45.931352	-64.630120	21.507639	-64.845581	-0.510926	-90.365965	-71.874686	60.092852	-2.618182	79.745017	50.175440	-39.269068	75.268465	22.774745	-90.467344	-7.292922	95.193749	
300	-80.902971	33.382412	66.065212	72.810916	5.587589	-15.691369	-69.285756	-46.000261	-22.325820	81.882822	-18.326907	-50.578017	6.553897	-29.421337	74.789675	48.098686	-93.156657	-89.316169	-30.180604	-8.015925	89.571501	55.490698	28.192614	-9.599724	30.939082	-92.233109	-32.686597	2.693564	56.320262	90.919880	
450	-80.902971	33.382412	66.065212	72.810916	5.587589	-15.691369	-69.285756	-46.000261	-22.325820	81.882822	-18.326907	-50.578017	6.553897	-29.421337	74.789675	48.098686	-93.156657	-89.316169	-30.180604	-8.015925	89.571501	55.490698	28.192614	-9.599724	30.939082	-92.233109	-32.686597	2.693564	56.320262	90.919880	
600	89.309899	99.917818	-12.647869	-62.078676	-68.314733	-53.846256	-26.049851	-80.831708	85.131708	-84.585886	-77.488239	72.085774	68.151158	23.352487	50.481968	-44.690987	-81.824286	88.388968	15.114143	0.764191	-35.395372	-22.091959	-44.214815	-30.697957	-97.634827	-92.151939	0.015344	56.395493	51.574310	2.841716	
750	89.309899	99.917818	-12.647869	-62.078676	-68.314733	-53.846256	-26.049851	-80.831708	85.131708	-84.585886	-77.488239	72.085774	68.151158	23.352487	50.481968	-44.690987	-81.824286	88.388968	15.114143	0.764191	-35.395372	-22.091959	-44.214815	-30.697957	-97.634827	-92.151939	0.015344	56.395493	51.574310	2.841716	
900	89.309899	99.917818	-12.647869	-62.078676	-68.314733	-53.846256	-26.049851	-80.831708	85.131708	-84.585886	-77.488239	72.085774	68.151158	23.352487	50.481968	-44.690987	-81.824286	88.388968	15.114143	0.764191	-35.395372	-22.091959	-44.214815	-30.697957	-97.634827	-92.151939	0.015344	56.395493	51.574310	2.841716	
1050	89.309899	99.917818	-12.647869	-62.078676	-68.314733	-53.846256	-26.049851	-80.831708	85.131708	-84.585886	-77.488239	72.085774	68.151158	23.352487	50.481968	-44.690987	-81.824286	88.388968	15.114143	0.764191	-35.395372	-22.091959	-44.214815	-30.697957	-97.634827	-92.151939	0.015344	56.395493	51.574310	2.841716	
1200	10.209914	-62.657274	-12.517025	91.393173	-17.619789	61.679419	-37.239391	60.056229	53.600183	9.664139	-96.973350	-1.111019	-98.640141	-52.009160	-2.947702	-65.061941	12.557308	33.925478	-33.135458	-15.006699	-9.047861	66.701032	30.442398	46.670894	-42.554794	-50.523341	-45.758074	93.854163	7.682796	6.150608	
1350	10.209914	-62.657274	-12.517025	91.393173	-17.619789	61.679419	-37.239391	60.056229	53.600183	9.664139	-96.973350	-1.111019	-98.640141	-52.009160	-2.947702	-65.061941	12.557308	33.925478	-33.135458	-15.006699	-9.047861	66.701032	30.442398	46.670894	-42.554794	-50.523341	-45.758074	93.854163	7.682796	6.150608	
1500	10.209914	-62.657274	-12.517025	91.393173	-17.619789	61.679419	-37.239391	60.056229	53.600183	9.664139	-96.973350	-1.111019	-98.640141	-52.009160	-2.947702	-65.061941	12.557308	33.925478	-33.135458	-15.006699	-9.047861	66.701032	30.442398	46.670894	-42.554794	-50.523341	-45.758074	93.854163	7.682796	6.150608	
