%count	x
15	55.045002	66.840852	74.289336	12.848740	-38.117056	92.129398	5.857563	-36.260203	17.503838	38.625840	89.906497	24.074294	-16.447366	58.994265	-54.126750	-85.384328	-58.029572	-13.346750	64.464766	52.416309	-51.838021	10.318940	39.988653	51.185336	34.874401	42.734029	4.507282	-4.323650	-63.559762	-75.788804	
30	55.045002	66.840852	74.289336	12.848740	-38.117056	92.129398	5.857563	-36.260203	17.503838	38.625840	89.906497	24.074294	-16.447366	58.994265	-54.126750	-85.384328	-58.029572	-13.346750	64.464766	52.416309	-51.838021	10.318940	39.988653	51.185336	34.874401	42.734029	4.507282	-4.323650	-63.559762	-75.788804	
45	61.831224	25.017672	34.103435	33.791653	-42.688952	26.527215	-15.174195	22.132402	7.414685	56.484074	24.247249	60.988792	-30.409219	-36.132676	56.125843	41.395604	85.977312	3.294280	64.692958	49.480135	-41.981915	-34.660190	-36.092969	-65.979257	-89.693691	24.688765	27.591062	41.167355	-83.487987	-47.875942	
60	61.831224	25.017672	34.103435	33.791653	-42.688952	26.527215	-15.174195	22.132402	7.414685	56.484074	24.247249	60.988792	-30.409219	-36.132676	56.125843	41.395604	85.977312	3.294280	64.692958	49.480135	-41.981915	-34.660190	-36.092969	-65.979257	-89.693691	24.688765	27.591062	41.167355	-83.487987	-47.875942	
75	61.831224	25.017672	34.103435	33.791653	-42.688952	26.527215	-15.174195	22.132402	7.414685	56.484074	24.247249	60.988792	-30.409219	-36.132676	56.125843	41.395604	85.977312	3.294280	64.692958	49.480135	-41.981915	-34.660190	-36.092969	-65.979257	-89.693691	24.688765	27.591062	41.167355	-83.487987	-47.875942	
90	61.831224	25.017672	34.103435	33.791653	-42.688952	26.527215	-15.174195	22.132402	7.414685	56.484074	24.247249	60.988792	-30.409219	-36.132676	56.125843	41.395604	85.977312	3.294280	64.692958	49.480135	-41.981915	-34.660190	-36.092969	-65.979257	-89.693691	24.688765	27.591062	41.167355	-83.487987	-47.875942	
105	61.831224	25.017672	34.103435	33.791653	-42.688952	26.527215	-15.174195	22.132402	7.414685	56.484074	24.247249	60.988792	-30.409219	-36.132676	56.125843	41.395604	85.977312	3.294280	64.692958	49.480135	-41.981915	-34.660190	-36.092969	-65.979257	-89.693691	24.688765	27.591062	41.167355	-83.487987	-47.875942	
120	61.831224	25.017672	34.103435	33.791653	-42.688952	26.527215	-15.174195	22.132402	7.414685	56.484074	24.247249	60.988792	-30.409219	-36.132676	56.125843	41.395604	85.977312	3.294280	64.692958	49.480135	-41.981915	-34.660190	-36.092969	-65.979257	-89.693691	24.688765	27.591062	41.167355	-83.487987	-47.875942	
135	61.831224	25.017672	34.103435	33.791653	-42.688952	26.527215	-15.174195	22.132402	7.414685	56.484074	24.247249	60.988792	-30.409219	-36.132676	56.125843	41.395604	85.977312	3.294280	64.692958	49.480135	-41.981915	-34.660190	-36.092969	-65.979257	-89.693691	24.688765	27.591062	41.167355	-83.487987	-47.875942	
150	61.831224	25.017672	34.103435	33.791653	-42.688952	26.527215	-15.174195	22.132402	7.414685	56.484074	24.247249	60.988792	-30.409219	-36.132676	56.125843	41.395604	85.977312	3.294280	64.692958	49.480135	-41.981915	-34.660190	-36.092969	-65.979257	-89.693691	24.688765	27.591062	41.167355	-83.487987	-47.875942	
300	77.776028	1.913366	-42.383798	93.837853	-26.650623	7.501899	-68.196834	19.239019	-13.178084	66.815723	27.171601	84.114718	-34.423434	67.275137	-9.506028	-26.533307	26.680617	19.344420	51.102997	-6.013971	-68.323470	46.961869	-88.250212	84.892250	-96.584990	99.298279	56.904127	49.786421	-83.534145	-13.979333	
450	77.776028	1.913366	-42.383798	93.837853	-26.650623	7.501899	-68.196834	19.239019	-13.178084	66.815723	27.171601	84.114718	-34.423434	67.275137	-9.506028	-26.533307	26.680617	19.344420	51.102997	-6.013971	-68.323470	46.961869	-88.250212	84.892250	-96.584990	99.298279	56.904127	49.786421	-83.534145	-13.979333	
600	77.776028	1.913366	-42.383798	93.837853	-26.650623	7.501899	-68.196834	19.239019	-13.178084	66.815723	27.171601	84.114718	-34.423434	67.275137	-9.506028	-26.533307	26.680617	19.344420	51.102997	-6.013971	-68.323470	46.961869	-88.250212	84.892250	-96.584990	99.298279	56.904127	49.786421	-83.534145	-13.979333	
750	77.776028	1.913366	-42.383798	93.837853	-26.650623	7.501899	-68.196834	19.239019	-13.178084	66.815723	27.171601	84.114718	-34.423434	67.275137	-9.506028	-26.533307	26.680617	19.344420	51.102997	-6.013971	-68.323470	46.961869	-88.250212	84.892250	-96.584990	99.298279	56.904127	49.786421	-83.534145	-13.979333	
900	77.776028	1.913366	-42.383798	93.837853	-26.650623	7.501899	-68.196834	19.239019	-13.178084	66.815723	27.171601	84.114718	-34.423434	67.275137	-9.506028	-26.533307	26.680617	19.344420	51.102997	-6.013971	-68.323470	46.961869	-88.250212	84.892250	-96.584990	99.298279	56.904127	49.786421	-83.534145	-13.979333	
1050	77.776028	1.913366	-42.383798	93.837853	-26.650623	7.501899	-68.196834	19.239019	-13.178084	66.815723	27.171601	84.114718	-34.423434	67.275137	-9.506028	-26.533307	26.680617	19.344420	51.102997	-6.013971	-68.323470	46.961869	-88.250212	84.892250	-96.584990	99.298279	56.904127	49.786421	-83.534145	-13.979333	
1200	77.776028	1.913366	-42.383798	93.837853	-26.650623	7.501899	-68.196834	19.239019	-13.178084	66.815723	27.171601	84.114718	-34.423434	67.275137	-9.506028	-26.533307	26.680617	19.344420	51.102997	-6.013971	-68.323470	46.961869	-88.250212	84.892250	-96.584990	99.298279	56.904127	49.786421	-83.534145	-13.979333	
1350	77.776028	1.913366	-42.383798	93.837853	-26.650623	7.501899	-68.196834	19.239019	-13.178084	66.815723	27.171601	84.114718	-34.423434	67.275137	-9.506028	-26.533307	26.680617	19.344420	51.102997	-6.013971	-68.323470	46.961869	-88.250212	84.892250	-96.584990	99.298279	56.904127	49.786421	-83.534145	-13.979333	
1500	77.776028	1.913366	-42.383798	93.837853	-26.650623	7.501899	-68.196834	19.239019	-13.178084	66.815723	27.171601	84.114718	-34.423434	67.275137	-9.506028	-26.533307	26.680617	19.344420	51.102997	-6.013971	-68.323470	46.961869	-88.250212	84.892250	-96.584990	99.298279	56.904127	49.786421	-83.534145	-13.979333	
