%count	x
15	88.077924	-80.426738	-80.158768	63.218947	-61.044959	80.484182	79.856254	78.199372	86.831554	-73.192560	-43.115736	44.809231	56.748580	-68.479437	-30.554504	92.597227	-96.078407	17.678231	-93.749613	-37.009135	73.583384	-27.327611	26.785299	57.593313	-90.053045	-79.273542	-29.768483	57.922116	66.251703	6.989487	
30	88.077924	-80.426738	-80.158768	63.218947	-61.044959	80.484182	79.856254	78.199372	86.831554	-73.192560	-43.115736	44.809231	56.748580	-68.479437	-30.554504	92.597227	-96.078407	17.678231	-93.749613	-37.009135	73.583384	-27.327611	26.785299	57.593313	-90.053045	-79.273542	-29.768483	57.922116	66.251703	6.989487	
45	88.077924	-80.426738	-80.158768	63.218947	-61.044959	80.484182	79.856254	78.199372	86.831554	-73.192560	-43.115736	44.809231	56.748580	-68.479437	-30.554504	92.597227	-96.078407	17.678231	-93.749613	-37.009135	73.583384	-27.327611	26.785299	57.593313	-90.053045	-79.273542	-29.768483	57.922116	66.251703	6.989487	
60	88.077924	-80.426738	-80.158768	63.218947	-61.044959	80.484182	79.856254	78.199372	86.831554	-73.192560	-43.115736	44.809231	56.748580	-68.479437	-30.554504	92.597227	-96.078407	17.678231	-93.749613	-37.009135	73.583384	-27.327611	26.785299	57.593313	-90.053045	-79.273542	-29.768483	57.922116	66.251703	6.989487	
75	88.077924	-80.426738	-80.158768	63.218947	-61.044959	80.484182	79.856254	78.199372	86.831554	-73.192560	-43.115736	44.809231	56.748580	-68.479437	-30.554504	92.597227	-96.078407	17.678231	-93.749613	-37.009135	73.583384	-27.327611	26.785299	57.593313	-90.053045	-79.273542	-29.768483	57.922116	66.251703	6.989487	
90	88.077924	-80.426738	-80.158768	63.218947	-61.044959	80.484182	79.856254	78.199372	86.831554	-73.192560	-43.115736	44.809231	56.748580	-68.479437	-30.554504	92.597227	-96.078407	17.678231	-93.749613	-37.009135	73.583384	-27.327611	26.785299	57.593313	-90.053045	-79.273542	-29.768483	57.922116	66.251703	6.989487	
105	88.077924	-80.426738	-80.158768	63.218947	-61.044959	80.484182	79.856254	78.199372	86.831554	-73.192560	-43.115736	44.809231	56.748580	-68.479437	-30.554504	92.597227	-96.078407	17.678231	-93.749613	-37.009135	73.583384	-27.327611	26.785299	57.593313	-90.053045	-79.273542	-29.768483	57.922116	66.251703	6.989487	
120	88.077924	-80.426738	-80.158768	63.218947	-61.044959	80.484182	79.856254	78.199372	86.831554	-73.192560	-43.115736	44.809231	56.748580	-68.479437	-30.554504	92.597227	-96.078407	17.678231	-93.749613	-37.009135	73.583384	-27.327611	26.785299	57.593313	-90.053045	-79.273542	-29.768483	57.922116	66.251703	6.989487	
135	88.077924	-80.426738	-80.158768	63.218947	-61.044959	80.484182	79.856254	78.199372	86.831554	-73.192560	-43.115736	44.809231	56.748580	-68.479437	-30.554504	92.597227	-96.078407	17.678231	-93.749613	-37.009135	73.583384	-27.327611	26.785299	57.593313	-90.053045	-79.273542	-29.768483	57.922116	66.251703	6.989487	
150	88.077924	-80.426738	-80.158768	63.218947	-61.044959	80.484182	79.856254	78.199372	86.831554	-73.192560	-43.115736	44.809231	56.748580	-68.479437	-30.554504	92.597227	-96.078407	17.678231	-93.749613	-37.009135	73.583384	-27.327611	26.785299	57.593313	-90.053045	-79.273542	-29.768483	57.922116	66.251703	6.989487	
300	-36.645505	-91.585462	27.658939	-3.077229	80.328779	4.885894	67.980982	-42.424251	16.811458	48.094314	93.666251	74.251660	-89.035542	91.315768	-86.080276	25.248382	-88.464953	71.671702	-53.082369	23.266000	-32.080331	18.679468	86.935412	78.213705	80.619398	9.801400	-57.958627	-8.734657	32.359551	35.314494	
450	-16.410656	-92.135405	5.942911	-94.143497	-57.798095	22.108287	-21.188184	-11.155590	-52.864095	27.376495	91.795858	-25.526979	-71.858461	-0.979646	25.246986	-10.369046	-17.542801	16.614212	-76.565289	39.862433	50.023575	-53.741356	-79.512835	-67.383127	-91.921879	20.306578	-88.763127	11.540899	-0.394180	51.396936	
600	-16.410656	-92.135405	5.942911	-94.143497	-57.798095	22.108287	-21.188184	-11.155590	-52.864095	27.376495	91.795858	-25.526979	-71.858461	-0.979646	25.246986	-10.369046	-17.542801	16.614212	-76.565289	39.862433	50.023575	-53.741356	-79.512835	-67.383127	-91.921879	20.306578	-88.763127	11.540899	-0.394180	51.396936	
750	-16.410656	-92.135405	5.942911	-94.143497	-57.798095	22.108287	-21.188184	-11.155590	-52.864095	27.376495	91.795858	-25.526979	-71.858461	-0.979646	25.246986	-10.369046	-17.542801	16.614212	-76.565289	39.862433	50.023575	-53.741356	-79.512835	-67.383127	-91.921879	20.306578	-88.763127	11.540899	-0.394180	51.396936	
900	-16.410656	-92.135405	5.942911	-94.143497	-57.798095	22.108287	-21.188184	-11.155590	-52.864095	27.376495	91.795858	-25.526979	-71.858461	-0.979646	25.246986	-10.369046	-17.542801	16.614212	-76.565289	39.862433	50.023575	-53.741356	-79.512835	-67.383127	-91.921879	20.306578	-88.763127	11.540899	-0.394180	51.396936	
1050	-16.410656	-92.135405	5.942911	-94.143497	-57.798095	22.108287	-21.188184	-11.155590	-52.864095	27.376495	91.795858	-25.526979	-71.858461	-0.979646	25.246986	-10.369046	-17.542801	16.614212	-76.565289	39.862433	50.023575	-53.741356	-79.512835	-67.383127	-91.921879	20.306578	-88.763127	11.540899	-0.394180	51.396936	
1200	-16.410656	-92.135405	5.942911	-94.143497	-57.798095	22.108287	-21.188184	-11.155590	-52.864095	27.376495	91.795858	-25.526979	-71.858461	-0.979646	25.246986	-10.369046	-17.542801	16.614212	-76.565289	39.862433	50.023575	-53.741356	-79.512835	-67.383127	-91.921879	20.306578	-88.763127	11.540899	-0.394180	51.396936	
1350	-16.410656	-92.135405	5.942911	-94.143497	-57.798095	22.108287	-21.188184	-11.155590	-52.864095	27.376495	91.795858	-25.526979	-71.858461	-0.979646	25.246986	-10.369046	-17.542801	16.614212	-76.565289	39.862433	50.023575	-53.741356	-79.512835	-67.383127	-91.921879	20.306578	-88.763127	11.540899	-0.394180	51.396936	
1500	-16.410656	-92.135405	5.942911	-94.143497	-57.798095	22.108287	-21.188184	-11.155590	-52.864095	27.376495	91.795858	-25.526979	-71.858461	-0.979646	25.246986	-10.369046	-17.542801	16.614212	-76.565289	39.862433	50.023575	-53.741356	-79.512835	-67.383127	-91.921879	20.306578	-88.763127	11.540899	-0.394180	51.396936	
