%count	x
15	70.534888	-18.054329	-23.506894	-84.256035	75.241062	46.508570	-86.610276	-30.859515	79.978594	42.928929	-34.963572	97.552105	82.774775	-77.913000	46.694530	-28.815892	-2.803018	-86.634878	-61.543851	-21.087150	-31.890000	-35.534687	57.797187	54.586445	34.593784	-51.062881	-9.212101	-33.213256	-81.736048	87.372841	
30	70.534888	-18.054329	-23.506894	-84.256035	75.241062	46.508570	-86.610276	-30.859515	79.978594	42.928929	-34.963572	97.552105	82.774775	-77.913000	46.694530	-28.815892	-2.803018	-86.634878	-61.543851	-21.087150	-31.890000	-35.534687	57.797187	54.586445	34.593784	-51.062881	-9.212101	-33.213256	-81.736048	87.372841	
45	70.534888	-18.054329	-23.506894	-84.256035	75.241062	46.508570	-86.610276	-30.859515	79.978594	42.928929	-34.963572	97.552105	82.774775	-77.913000	46.694530	-28.815892	-2.803018	-86.634878	-61.543851	-21.087150	-31.890000	-35.534687	57.797187	54.586445	34.593784	-51.062881	-9.212101	-33.213256	-81.736048	87.372841	
60	70.534888	-18.054329	-23.506894	-84.256035	75.241062	46.508570	-86.610276	-30.859515	79.978594	42.928929	-34.963572	97.552105	82.774775	-77.913000	46.694530	-28.815892	-2.803018	-86.634878	-61.543851	-21.087150	-31.890000	-35.534687	57.797187	54.586445	34.593784	-51.062881	-9.212101	-33.213256	-81.736048	87.372841	
75	1.303159	44.512222	-34.417241	-38.945642	24.975806	-99.761790	-40.463108	-84.234729	5.043428	13.090961	-18.032568	87.339007	5.376746	-98.796816	58.620771	-91.823031	-61.501636	92.544820	30.402642	-99.512545	-42.613782	80.767245	38.589881	95.058503	46.266755	45.289182	96.235101	-51.256974	75.700333	-76.710780	
90	1.303159	44.512222	-34.417241	-38.945642	24.975806	-99.761790	-40.463108	-84.234729	5.043428	13.090961	-18.032568	87.339007	5.376746	-98.796816	58.620771	-91.823031	-61.501636	92.544820	30.402642	-99.512545	-42.613782	80.767245	38.589881	95.058503	46.266755	45.289182	96.235101	-51.256974	75.700333	-76.710780	
105	-48.999795	-2.894819	19.482030	16.348685	-89.120748	-85.418585	-32.519813	-41.659773	-91.855297	-48.466479	42.294333	46.051469	-10.509610	54.032340	-46.921384	51.701381	15.568517	68.729165	42.094134	-81.364821	-10.656951	-54.277359	88.455103	83.454873	21.539453	-59.115907	99.204340	47.548186	90.689593	-30.271430	
120	-48.999795	-2.894819	19.482030	16.348685	-89.120748	-85.418585	-32.519813	-41.659773	-91.855297	-48.466479	42.294333	46.051469	-10.509610	54.032340	-46.921384	51.701381	15.568517	68.729165	42.094134	-81.364821	-10.656951	-54.277359	88.455103	83.454873	21.539453	-59.115907	99.204340	47.548186	90.689593	-30.271430	
135	-48.999795	-2.894819	19.482030	16.348685	-89.120748	-85.418585	-32.519813	-41.659773	-91.855297	-48.466479	42.294333	46.051469	-10.509610	54.032340	-46.921384	51.701381	15.568517	68.729165	42.094134	-81.364821	-10.656951	-54.277359	88.455103	83.454873	21.539453	-59.115907	99.204340	47.548186	90.689593	-30.271430	
150	15.544252	89.495777	-97.896794	1.125056	-48.350332	-46.349931	-64.981998	-2.298977	-74.474389	-65.194696	-21.937717	99.225139	27.065817	-72.227944	-34.067900	-56.511168	87.657400	91.240188	70.655783	-84.417994	-3.115339	-65.626752	-7.546881	74.776476	-99.754279	-64.708043	-43.009055	14.359573	44.669333	89.691771	
300	52.915712	-90.834978	12.541494	-89.230844	-28.231888	-12.762089	-86.542697	42.575138	74.248355	-77.083735	-28.319973	71.940116	56.857329	45.873749	-60.216977	60.388200	86.641325	-66.992176	59.924856	21.808141	-9.451332	-0.234843	30.815586	22.214988	-1.976705	-30.504878	-94.691004	64.692723	11.228265	-24.693271	
450	52.915712	-90.834978	12.541494	-89.230844	-28.231888	-12.762089	-86.542697	42.575138	74.248355	-77.083735	-28.319973	71.940116	56.857329	45.873749	-60.216977	60.388200	86.641325	-66.992176	59.924856	21.808141	-9.451332	-0.234843	30.815586	22.214988	-1.976705	-30.504878	-94.691004	64.692723	11.228265	-24.693271	
600	11.534421	61.289485	31.315021	-53.084125	79.416447	-55.122862	-32.821119	36.794655	-70.731152	37.223509	37.976573	38.189287	76.951662	-71.855701	-9.972933	-5.708686	-44.162097	-6.275257	64.730510	39.687324	-7.880100	98.068248	-84.115323	-89.396164	84.367213	30.753436	-88.597488	-56.282361	-7.437173	-40.757728	
750	26.823054	-77.722079	28.414520	-90.545444	-96.408594	-46.246534	-58.243751	18.140935	13.004052	-23.046482	72.862677	66.951637	-33.194529	9.965366	-48.030261	-90.213255	11.352917	-13.892305	-84.661230	74.295518	-19.785929	65.188214	49.497530	81.810495	-55.850540	-65.180067	58.633061	20.539766	-98.896503	86.038349	
900	26.823054	-77.722079	28.414520	-90.545444	-96.408594	-46.246534	-58.243751	18.140935	13.004052	-23.046482	72.862677	66.951637	-33.194529	9.965366	-48.030261	-90.213255	11.352917	-13.892305	-84.661230	74.295518	-19.785929	65.188214	49.497530	81.810495	-55.850540	-65.180067	58.633061	20.539766	-98.896503	86.038349	
1050	26.823054	-77.722079	28.414520	-90.545444	-96.408594	-46.246534	-58.243751	18.140935	13.004052	-23.046482	72.862677	66.951637	-33.194529	9.965366	-48.030261	-90.213255	11.352917	-13.892305	-84.661230	74.295518	-19.785929	65.188214	49.497530	81.810495	-55.850540	-65.180067	58.633061	20.539766	-98.896503	86.038349	
1200	26.823054	-77.722079	28.414520	-90.545444	-96.408594	-46.246534	-58.243751	18.140935	13.004052	-23.046482	72.862677	66.951637	-33.194529	9.965366	-48.030261	-90.213255	11.352917	-13.892305	-84.661230	74.295518	-19.785929	65.188214	49.497530	81.810495	-55.850540	-65.180067	58.633061	20.539766	-98.896503	86.038349	
1350	26.823054	-77.722079	28.414520	-90.545444	-96.408594	-46.246534	-58.243751	18.140935	13.004052	-23.046482	72.862677	66.951637	-33.194529	9.965366	-48.030261	-90.213255	11.352917	-13.892305	-84.661230	74.295518	-19.785929	65.188214	49.497530	81.810495	-55.850540	-65.180067	58.633061	20.539766	-98.896503	86.038349	
1500	-56.076741	-40.086399	-72.356060	13.319901	79.662849	-20.516475	-13.145527	-75.940561	-87.383658	-74.897031	-50.706201	-60.903144	-15.418096	24.355549	71.582246	-47.462600	44.409417	84.584043	13.842613	-72.958872	63.811616	-93.287629	-29.783026	48.261091	12.955778	16.877965	-75.294181	48.602943	-0.914284	75.303133	
