%count	x
15	-23.830514	-13.808347	50.679683	90.559893	32.962649	50.205567	-46.232257	75.712624	47.240193	-80.091287	48.619639	-44.850416	-18.028617	18.374541	83.730513	41.786565	29.925322	-81.413810	52.674732	92.401203	-89.284550	-37.733597	-44.474058	48.909037	94.839950	-19.962574	77.012045	-5.745898	59.204351	3.623454	
30	-23.830514	-13.808347	50.679683	90.559893	32.962649	50.205567	-46.232257	75.712624	47.240193	-80.091287	48.619639	-44.850416	-18.028617	18.374541	83.730513	41.786565	29.925322	-81.413810	52.674732	92.401203	-89.284550	-37.733597	-44.474058	48.909037	94.839950	-19.962574	77.012045	-5.745898	59.204351	3.623454	
45	13.196053	-98.324096	27.147086	49.438352	78.610865	81.519885	-55.674372	-24.822557	8.733280	95.743326	45.330184	51.642412	86.480110	-31.863928	61.748840	93.152193	-99.591036	46.458857	-61.823115	35.818109	-48.031810	32.532580	19.772942	-58.893964	-36.710551	-95.005969	-77.943544	-69.148846	7.095550	20.911710	
60	13.196053	-98.324096	27.147086	49.438352	78.610865	81.519885	-55.674372	-24.822557	8.733280	95.743326	45.330184	51.642412	86.480110	-31.863928	61.748840	93.152193	-99.591036	46.458857	-61.823115	35.818109	-48.031810	32.532580	19.772942	-58.893964	-36.710551	-95.005969	-77.943544	-69.148846	7.095550	20.911710	
75	13.196053	-98.324096	27.147086	49.438352	78.610865	81.519885	-55.674372	-24.822557	8.733280	95.743326	45.330184	51.642412	86.480110	-31.863928	61.748840	93.152193	-99.591036	46.458857	-61.823115	35.818109	-48.031810	32.532580	19.772942	-58.893964	-36.710551	-95.005969	-77.943544	-69.148846	7.095550	20.911710	
90	13.196053	-98.324096	27.147086	49.438352	78.610865	81.519885	-55.674372	-24.822557	8.733280	95.743326	45.330184	51.642412	86.480110	-31.863928	61.748840	93.152193	-99.591036	46.458857	-61.823115	35.818109	-48.031810	32.532580	19.772942	-58.893964	-36.710551	-95.005969	-77.943544	-69.148846	7.095550	20.911710	
105	13.196053	-98.324096	27.147086	49.438352	78.610865	81.519885	-55.674372	-24.822557	8.733280	95.743326	45.330184	51.642412	86.480110	-31.863928	61.748840	93.152193	-99.591036	46.458857	-61.823115	35.818109	-48.031810	32.532580	19.772942	-58.893964	-36.710551	-95.005969	-77.943544	-69.148846	7.095550	20.911710	
120	80.097166	93.280269	53.310162	-78.622674	61.745401	19.073915	-81.752483	-75.505970	-45.581807	6.597276	54.657463	-59.202519	68.153020	-5.966954	72.487803	96.543383	86.702308	65.843078	61.332643	-50.274168	-75.135389	-72.281755	64.179879	84.979215	16.052606	-24.156431	-66.700184	-64.567094	22.408532	71.656437	
135	80.097166	93.280269	53.310162	-78.622674	61.745401	19.073915	-81.752483	-75.505970	-45.581807	6.597276	54.657463	-59.202519	68.153020	-5.966954	72.487803	96.543383	86.702308	65.843078	61.332643	-50.274168	-75.135389	-72.281755	64.179879	84.979215	16.052606	-24.156431	-66.700184	-64.567094	22.408532	71.656437	
150	80.097166	93.280269	53.310162	-78.622674	61.745401	19.073915	-81.752483	-75.505970	-45.581807	6.597276	54.657463	-59.202519	68.153020	-5.966954	72.487803	96.543383	86.702308	65.843078	61.332643	-50.274168	-75.135389	-72.281755	64.179879	84.979215	16.052606	-24.156431	-66.700184	-64.567094	22.408532	71.656437	
300	-10.746812	-49.911067	-92.457269	82.837479	88.549915	-55.552055	-93.078474	90.603608	60.060517	-17.686201	-97.194705	62.120208	57.471545	-40.543742	99.410988	41.164806	48.069658	-58.923935	76.358814	7.449483	-99.861107	-54.623057	70.140203	81.954529	48.741673	-82.672196	43.589483	67.401074	-50.881337	-48.937438	
450	-10.746812	-49.911067	-92.457269	82.837479	88.549915	-55.552055	-93.078474	90.603608	60.060517	-17.686201	-97.194705	62.120208	57.471545	-40.543742	99.410988	41.164806	48.069658	-58.923935	76.358814	7.449483	-99.861107	-54.623057	70.140203	81.954529	48.741673	-82.672196	43.589483	67.401074	-50.881337	-48.937438	
600	-10.746812	-49.911067	-92.457269	82.837479	88.549915	-55.552055	-93.078474	90.603608	60.060517	-17.686201	-97.194705	62.120208	57.471545	-40.543742	99.410988	41.164806	48.069658	-58.923935	76.358814	7.449483	-99.861107	-54.623057	70.140203	81.954529	48.741673	-82.672196	43.589483	67.401074	-50.881337	-48.937438	
750	-10.746812	-49.911067	-92.457269	82.837479	88.549915	-55.552055	-93.078474	90.603608	60.060517	-17.686201	-97.194705	62.120208	57.471545	-40.543742	99.410988	41.164806	48.069658	-58.923935	76.358814	7.449483	-99.861107	-54.623057	70.140203	81.954529	48.741673	-82.672196	43.589483	67.401074	-50.881337	-48.937438	
900	-10.746812	-49.911067	-92.457269	82.837479	88.549915	-55.552055	-93.078474	90.603608	60.060517	-17.686201	-97.194705	62.120208	57.471545	-40.543742	99.410988	41.164806	48.069658	-58.923935	76.358814	7.449483	-99.861107	-54.623057	70.140203	81.954529	48.741673	-82.672196	43.589483	67.401074	-50.881337	-48.937438	
1050	-10.746812	-49.911067	-92.457269	82.837479	88.549915	-55.552055	-93.078474	90.603608	60.060517	-17.686201	-97.194705	62.120208	57.471545	-40.543742	99.410988	41.164806	48.069658	-58.923935	76.358814	7.449483	-99.861107	-54.623057	70.140203	81.954529	48.741673	-82.672196	43.589483	67.401074	-50.881337	-48.937438	
1200	-10.746812	-49.911067	-92.457269	82.837479	88.549915	-55.552055	-93.078474	90.603608	60.060517	-17.686201	-97.194705	62.120208	57.471545	-40.543742	99.410988	41.164806	48.069658	-58.923935	76.358814	7.449483	-99.861107	-54.623057	70.140203	81.954529	48.741673	-82.672196	43.589483	67.401074	-50.881337	-48.937438	
1350	-10.746812	-49.911067	-92.457269	82.837479	88.549915	-55.552055	-93.078474	90.603608	60.060517	-17.686201	-97.194705	62.120208	57.471545	-40.543742	99.410988	41.164806	48.069658	-58.923935	76.358814	7.449483	-99.861107	-54.623057	70.140203	81.954529	48.741673	-82.672196	43.589483	67.401074	-50.881337	-48.937438	
1500	-10.746812	-49.911067	-92.457269	82.837479	88.549915	-55.552055	-93.078474	90.603608	60.060517	-17.686201	-97.194705	62.120208	57.471545	-40.543742	99.410988	41.164806	48.069658	-58.923935	76.358814	7.449483	-99.861107	-54.623057	70.140203	81.954529	48.741673	-82.672196	43.589483	67.401074	-50.881337	-48.937438	
