%count	x
15	-26.625570	95.431442	-28.033271	-46.750635	-31.183517	47.808719	-82.889606	-18.537107	93.704724	6.880665	-25.160253	58.493585	88.516760	36.151132	74.411834	-84.618691	-66.789195	76.601965	27.380605	82.639212	-91.571595	78.549172	48.055243	66.670116	-20.581739	-13.599117	28.920070	-8.438259	25.505149	-35.715417	
30	-26.625570	95.431442	-28.033271	-46.750635	-31.183517	47.808719	-82.889606	-18.537107	93.704724	6.880665	-25.160253	58.493585	88.516760	36.151132	74.411834	-84.618691	-66.789195	76.601965	27.380605	82.639212	-91.571595	78.549172	48.055243	66.670116	-20.581739	-13.599117	28.920070	-8.438259	25.505149	-35.715417	
45	94.467814	-54.628350	-53.803738	-52.375313	-71.087091	-38.390952	-47.975591	29.796394	-6.065489	-0.285522	24.291159	86.205732	90.022617	-75.786520	-39.307221	54.460449	-41.045648	46.698192	-54.189837	20.242031	40.473176	-24.365634	54.619967	63.251188	45.305354	-48.223750	-44.762958	20.602601	60.762373	-41.388592	
60	94.467814	-54.628350	-53.803738	-52.375313	-71.087091	-38.390952	-47.975591	29.796394	-6.065489	-0.285522	24.291159	86.205732	90.022617	-75.786520	-39.307221	54.460449	-41.045648	46.698192	-54.189837	20.242031	40.473176	-24.365634	54.619967	63.251188	45.305354	-48.223750	-44.762958	20.602601	60.762373	-41.388592	
75	94.467814	-54.628350	-53.803738	-52.375313	-71.087091	-38.390952	-47.975591	29.796394	-6.065489	-0.285522	24.291159	86.205732	90.022617	-75.786520	-39.307221	54.460449	-41.045648	46.698192	-54.189837	20.242031	40.473176	-24.365634	54.619967	63.251188	45.305354	-48.223750	-44.762958	20.602601	60.762373	-41.388592	
90	94.467814	-54.628350	-53.803738	-52.375313	-71.087091	-38.390952	-47.975591	29.796394	-6.065489	-0.285522	24.291159	86.205732	90.022617	-75.786520	-39.307221	54.460449	-41.045648	46.698192	-54.189837	20.242031	40.473176	-24.365634	54.619967	63.251188	45.305354	-48.223750	-44.762958	20.602601	60.762373	-41.388592	
105	94.467814	-54.628350	-53.803738	-52.375313	-71.087091	-38.390952	-47.975591	29.796394	-6.065489	-0.285522	24.291159	86.205732	90.022617	-75.786520	-39.307221	54.460449	-41.045648	46.698192	-54.189837	20.242031	40.473176	-24.365634	54.619967	63.251188	45.305354	-48.223750	-44.762958	20.602601	60.762373	-41.388592	
120	94.467814	-54.628350	-53.803738	-52.375313	-71.087091	-38.390952	-47.975591	29.796394	-6.065489	-0.285522	24.291159	86.205732	90.022617	-75.786520	-39.307221	54.460449	-41.045648	46.698192	-54.189837	20.242031	40.473176	-24.365634	54.619967	63.251188	45.305354	-48.223750	-44.762958	20.602601	60.762373	-41.388592	
135	-48.243696	36.728607	52.755623	56.436460	-89.011559	-8.044795	-14.530687	-55.935908	65.287173	20.864357	35.555302	-74.324274	-36.346366	-85.261051	-40.338170	-81.518696	-33.548026	-56.055397	40.533931	-65.890889	28.879838	65.836916	-98.136382	46.895481	54.030134	18.006413	-21.827179	47.358574	56.723444	-5.412100	
150	-48.243696	36.728607	52.755623	56.436460	-89.011559	-8.044795	-14.530687	-55.935908	65.287173	20.864357	35.555302	-74.324274	-36.346366	-85.261051	-40.338170	-81.518696	-33.548026	-56.055397	40.533931	-65.890889	28.879838	65.836916	-98.136382	46.895481	54.030134	18.006413	-21.827179	47.358574	56.723444	-5.412100	
300	-70.637983	34.271834	98.390852	49.288930	14.162886	21.307078	-55.397363	-89.705176	58.662018	-60.922632	-22.579705	-37.970632	-49.721536	-30.698555	49.367392	-68.351296	-35.090317	17.771460	-4.040181	-17.807529	96.083126	56.046678	-72.003557	50.043506	-62.398926	-33.449188	-89.353794	65.902623	75.906519	-22.352486	
450	-70.637983	34.271834	98.390852	49.288930	14.162886	21.307078	-55.397363	-89.705176	58.662018	-60.922632	-22.579705	-37.970632	-49.721536	-30.698555	49.367392	-68.351296	-35.090317	17.771460	-4.040181	-17.807529	96.083126	56.046678	-72.003557	50.043506	-62.398926	-33.449188	-89.353794	65.902623	75.906519	-22.352486	
600	-70.637983	34.271834	98.390852	49.288930	14.162886	21.307078	-55.397363	-89.705176	58.662018	-60.922632	-22.579705	-37.970632	-49.721536	-30.698555	49.367392	-68.351296	-35.090317	17.771460	-4.040181	-17.807529	96.083126	56.046678	-72.003557	50.043506	-62.398926	-33.449188	-89.353794	65.902623	75.906519	-22.352486	
750	66.711475	-89.034749	-15.467256	-85.507189	-74.310000	16.666504	47.896659	76.545774	25.379167	-86.546805	-67.327452	-90.631970	-73.803715	-64.840562	46.349463	-1.997953	22.677952	28.953413	57.629866	1.880889	-99.405467	-9.746930	-41.786282	65.352147	57.923290	33.842072	0.377493	79.257058	28.286520	-51.680289	
900	56.499343	-98.316628	-75.343012	-82.616730	86.308405	-18.693368	-21.573364	-99.669011	81.100860	-28.355716	92.034691	62.879171	29.086036	97.834797	-15.904418	31.986939	-10.913401	55.320889	-4.692909	-75.181429	-48.674860	86.846094	37.468080	29.521913	21.690418	44.978101	-14.389385	81.638394	67.727593	-48.173620	
1050	56.499343	-98.316628	-75.343012	-82.616730	86.308405	-18.693368	-21.573364	-99.669011	81.100860	-28.355716	92.034691	62.879171	29.086036	97.834797	-15.904418	31.986939	-10.913401	55.320889	-4.692909	-75.181429	-48.674860	86.846094	37.468080	29.521913	21.690418	44.978101	-14.389385	81.638394	67.727593	-48.173620	
1200	-63.943452	-18.409079	-56.127482	-39.907229	-59.405064	53.917741	85.034276	90.030538	75.295151	-12.004078	18.694598	-82.350967	-66.697072	-13.556425	-54.752643	54.036763	-78.497150	-91.396099	30.258727	-60.909069	33.854425	17.094001	98.345422	26.679060	3.503537	36.106648	-33.287924	69.253706	59.669912	-44.693706	
1350	-63.943452	-18.409079	-56.127482	-39.907229	-59.405064	53.917741	85.034276	90.030538	75.295151	-12.004078	18.694598	-82.350967	-66.697072	-13.556425	-54.752643	54.036763	-78.497150	-91.396099	30.258727	-60.909069	33.854425	17.094001	98.345422	26.679060	3.503537	36.106648	-33.287924	69.253706	59.669912	-44.693706	
1500	-63.943452	-18.409079	-56.127482	-39.907229	-59.405064	53.917741	85.034276	90.030538	75.295151	-12.004078	18.694598	-82.350967	-66.697072	-13.556425	-54.752643	54.036763	-78.497150	-91.396099	30.258727	-60.909069	33.854425	17.094001	98.345422	26.679060	3.503537	36.106648	-33.287924	69.253706	59.669912	-44.693706	
