%count	x
15	-12.144634	-80.861929	40.674906	88.373513	-8.084135	-11.260995	78.829541	23.939548	1.811917	-42.938508	28.136496	45.427812	57.230232	-62.980751	23.093722	-43.996459	3.087421	-85.635498	-1.387511	29.035139	91.137919	-55.849753	43.298266	73.160917	29.866875	-99.281988	40.203162	-99.601409	14.340983	-81.804865	
30	5.611543	71.989368	-11.972352	12.281736	85.236781	85.883723	-71.996074	62.154532	-13.671538	-74.390219	-76.241423	-34.330201	76.943687	84.385730	44.472399	-82.707986	7.091346	-72.668529	-95.471150	-35.413802	-15.050901	69.307105	-0.686805	90.695456	64.568909	-80.284243	-42.622232	-58.864795	94.541530	-93.201888	
45	5.611543	71.989368	-11.972352	12.281736	85.236781	85.883723	-71.996074	62.154532	-13.671538	-74.390219	-76.241423	-34.330201	76.943687	84.385730	44.472399	-82.707986	7.091346	-72.668529	-95.471150	-35.413802	-15.050901	69.307105	-0.686805	90.695456	64.568909	-80.284243	-42.622232	-58.864795	94.541530	-93.201888	
60	5.611543	71.989368	-11.972352	12.281736	85.236781	85.883723	-71.996074	62.154532	-13.671538	-74.390219	-76.241423	-34.330201	76.943687	84.385730	44.472399	-82.707986	7.091346	-72.668529	-95.471150	-35.413802	-15.050901	69.307105	-0.686805	90.695456	64.568909	-80.284243	-42.622232	-58.864795	94.541530	-93.201888	
75	5.611543	71.989368	-11.972352	12.281736	85.236781	85.883723	-71.996074	62.154532	-13.671538	-74.390219	-76.241423	-34.330201	76.943687	84.385730	44.472399	-82.707986	7.091346	-72.668529	-95.471150	-35.413802	-15.050901	69.307105	-0.686805	90.695456	64.568909	-80.284243	-42.622232	-58.864795	94.541530	-93.201888	
90	5.611543	71.989368	-11.972352	12.281736	85.236781	85.883723	-71.996074	62.154532	-13.671538	-74.390219	-76.241423	-34.330201	76.943687	84.385730	44.472399	-82.707986	7.091346	-72.668529	-95.471150	-35.413802	-15.050901	69.307105	-0.686805	90.695456	64.568909	-80.284243	-42.622232	-58.864795	94.541530	-93.201888	
105	5.611543	71.989368	-11.972352	12.281736	85.236781	85.883723	-71.996074	62.154532	-13.671538	-74.390219	-76.241423	-34.330201	76.943687	84.385730	44.472399	-82.707986	7.091346	-72.668529	-95.471150	-35.413802	-15.050901	69.307105	-0.686805	90.695456	64.568909	-80.284243	-42.622232	-58.864795	94.541530	-93.201888	
120	5.611543	71.989368	-11.972352	12.281736	85.236781	85.883723	-71.996074	62.154532	-13.671538	-74.390219	-76.241423	-34.330201	76.943687	84.385730	44.472399	-82.707986	7.091346	-72.668529	-95.471150	-35.413802	-15.050901	69.307105	-0.686805	90.695456	64.568909	-80.284243	-42.622232	-58.864795	94.541530	-93.201888	
135	5.611543	71.989368	-11.972352	12.281736	85.236781	85.883723	-71.996074	62.154532	-13.671538	-74.390219	-76.241423	-34.330201	76.943687	84.385730	44.472399	-82.707986	7.091346	-72.668529	-95.471150	-35.413802	-15.050901	69.307105	-0.686805	90.695456	64.568909	-80.284243	-42.622232	-58.864795	94.541530	-93.201888	
150	5.611543	71.989368	-11.972352	12.281736	85.236781	85.883723	-71.996074	62.154532	-13.671538	-74.390219	-76.241423	-34.330201	76.943687	84.385730	44.472399	-82.707986	7.091346	-72.668529	-95.471150	-35.413802	-15.050901	69.307105	-0.686805	90.695456	64.568909	-80.284243	-42.622232	-58.864795	94.541530	-93.201888	
300	5.611543	71.989368	-11.972352	12.281736	85.236781	85.883723	-71.996074	62.154532	-13.671538	-74.390219	-76.241423	-34.330201	76.943687	84.385730	44.472399	-82.707986	7.091346	-72.668529	-95.471150	-35.413802	-15.050901	69.307105	-0.686805	90.695456	64.568909	-80.284243	-42.622232	-58.864795	94.541530	-93.201888	
450	-69.936126	6.387051	-4.750612	3.065033	92.565145	-39.613083	-41.893309	46.008025	84.117788	77.908880	25.541371	-82.772133	93.241581	-99.427622	20.036264	-95.917287	-70.227613	44.445496	84.716647	75.123063	56.146603	4.182899	40.358968	-44.961923	-16.295302	-73.844853	36.159857	59.832340	71.734149	-23.850166	
600	-69.936126	6.387051	-4.750612	3.065033	92.565145	-39.613083	-41.893309	46.008025	84.117788	77.908880	25.541371	-82.772133	93.241581	-99.427622	20.036264	-95.917287	-70.227613	44.445496	84.716647	75.123063	56.146603	4.182899	40.358968	-44.961923	-16.295302	-73.844853	36.159857	59.832340	71.734149	-23.850166	
750	-69.936126	6.387051	-4.750612	3.065033	92.565145	-39.613083	-41.893309	46.008025	84.117788	77.908880	25.541371	-82.772133	93.241581	-99.427622	20.036264	-95.917287	-70.227613	44.445496	84.716647	75.123063	56.146603	4.182899	40.358968	-44.961923	-16.295302	-73.844853	36.159857	59.832340	71.734149	-23.850166	
900	-69.936126	6.387051	-4.750612	3.065033	92.565145	-39.613083	-41.893309	46.008025	84.117788	77.908880	25.541371	-82.772133	93.241581	-99.427622	20.036264	-95.917287	-70.227613	44.445496	84.716647	75.123063	56.146603	4.182899	40.358968	-44.961923	-16.295302	-73.844853	36.159857	59.832340	71.734149	-23.850166	
1050	-69.936126	6.387051	-4.750612	3.065033	92.565145	-39.613083	-41.893309	46.008025	84.117788	77.908880	25.541371	-82.772133	93.241581	-99.427622	20.036264	-95.917287	-70.227613	44.445496	84.716647	75.123063	56.146603	4.182899	40.358968	-44.961923	-16.295302	-73.844853	36.159857	59.832340	71.734149	-23.850166	
1200	-69.936126	6.387051	-4.750612	3.065033	92.565145	-39.613083	-41.893309	46.008025	84.117788	77.908880	25.541371	-82.772133	93.241581	-99.427622	20.036264	-95.917287	-70.227613	44.445496	84.716647	75.123063	56.146603	4.182899	40.358968	-44.961923	-16.295302	-73.844853	36.159857	59.832340	71.734149	-23.850166	
1350	-69.936126	6.387051	-4.750612	3.065033	92.565145	-39.613083	-41.893309	46.008025	84.117788	77.908880	25.541371	-82.772133	93.241581	-99.427622	20.036264	-95.917287	-70.227613	44.445496	84.716647	75.123063	56.146603	4.182899	40.358968	-44.961923	-16.295302	-73.844853	36.159857	59.832340	71.734149	-23.850166	
1500	-69.936126	6.387051	-4.750612	3.065033	92.565145	-39.613083	-41.893309	46.008025	84.117788	77.908880	25.541371	-82.772133	93.241581	-99.427622	20.036264	-95.917287	-70.227613	44.445496	84.716647	75.123063	56.146603	4.182899	40.358968	-44.961923	-16.295302	-73.844853	36.159857	59.832340	71.734149	-23.850166	
