     % Run	                   5	                  10	                  15	                  20	                  25	                  30	                  35	                  40	                  45	                  50	                 100	                 150	                 200	                 250	                 300	                 350	                 400	                 450	                 500	
         1	        1.842748e+04	        2.254549e+03	        1.789680e+03	        1.789680e+03	        1.789680e+03	        1.789680e+03	        1.789680e+03	        1.789680e+03	        1.789680e+03	        1.789680e+03	        1.419335e+03	        1.419335e+03	        1.419335e+03	        1.419335e+03	        1.419335e+03	        1.419335e+03	        1.419335e+03	        1.419335e+03	        1.419335e+03	
         2	        1.624184e+04	        1.624184e+04	        1.624184e+04	        1.624184e+04	        1.882442e+03	        1.882442e+03	        1.882442e+03	        1.882442e+03	        1.882442e+03	        1.773842e+03	        1.773842e+03	        1.773842e+03	        1.773842e+03	        1.773842e+03	        1.773842e+03	        1.712672e+03	        1.712672e+03	        1.712672e+03	        1.712672e+03	
         3	        6.760434e+05	        2.020573e+04	        2.020573e+04	        2.020573e+04	        1.826701e+03	        1.826701e+03	        1.826701e+03	        1.826701e+03	        1.826701e+03	        1.826701e+03	        1.826701e+03	        1.456755e+03	        1.456755e+03	        1.456755e+03	        1.456755e+03	        1.456755e+03	        1.456755e+03	        1.456755e+03	        1.456755e+03	
         4	        4.261786e+03	        2.220146e+03	        2.220146e+03	        1.935772e+03	        1.643397e+03	        1.643397e+03	        1.643397e+03	        1.643397e+03	        1.643397e+03	        1.643397e+03	        1.643397e+03	        1.643397e+03	        1.643397e+03	        1.643397e+03	        1.643397e+03	        1.643397e+03	        1.643397e+03	        1.643397e+03	        1.643397e+03	
         5	        3.617861e+05	        1.300996e+04	        2.353801e+03	        2.348786e+03	        2.348786e+03	        2.348786e+03	        2.155583e+03	        2.155583e+03	        2.155583e+03	        2.155583e+03	        1.742300e+03	        1.742300e+03	        1.742300e+03	        1.742300e+03	        1.742300e+03	        1.742300e+03	        1.742300e+03	        1.597079e+03	        1.597079e+03	
         6	        4.337734e+03	        4.337734e+03	        2.230693e+03	        2.230693e+03	        2.230693e+03	        2.075660e+03	        2.075660e+03	        2.075660e+03	        2.075660e+03	        2.075660e+03	        2.075660e+03	        2.075660e+03	        1.668323e+03	        1.668323e+03	        1.668323e+03	        1.668323e+03	        1.668323e+03	        1.657990e+03	        1.657990e+03	
         7	        3.384125e+03	        2.154044e+03	        2.154044e+03	        2.154044e+03	        1.499869e+03	        1.499869e+03	        1.499869e+03	        1.499869e+03	        1.499869e+03	        1.499869e+03	        1.499869e+03	        1.499869e+03	        1.499869e+03	        1.499869e+03	        1.499869e+03	        1.499869e+03	        1.499869e+03	        1.499869e+03	        1.499869e+03	
         8	        4.323515e+04	        1.811245e+03	        1.811245e+03	        1.811245e+03	        1.811245e+03	        1.811245e+03	        1.811245e+03	        1.811245e+03	        1.811245e+03	        1.811245e+03	        1.690906e+03	        1.688009e+03	        1.688009e+03	        1.688009e+03	        1.688009e+03	        1.688009e+03	        1.688009e+03	        1.688009e+03	        1.688009e+03	
         9	        1.718037e+04	        1.912192e+03	        1.912192e+03	        1.912192e+03	        1.912192e+03	        1.912192e+03	        1.912192e+03	        1.912192e+03	        1.912192e+03	        1.912192e+03	        1.912192e+03	        1.912192e+03	        1.912192e+03	        1.912192e+03	        1.577677e+03	        1.577677e+03	        1.577677e+03	        1.577677e+03	        1.480056e+03	
        10	        2.702255e+03	        2.331208e+03	        2.331208e+03	        2.331208e+03	        2.263222e+03	        2.263222e+03	        2.263222e+03	        2.263222e+03	        2.263222e+03	        2.263222e+03	        1.838704e+03	        1.838704e+03	        1.838704e+03	        1.838704e+03	        1.838704e+03	        1.838704e+03	        1.689359e+03	        1.689359e+03	        1.689359e+03	
        11	        4.482755e+03	        4.482755e+03	        2.397890e+03	        2.397890e+03	        2.397890e+03	        2.397890e+03	        2.397890e+03	        2.397890e+03	        2.181727e+03	        2.181727e+03	        1.848556e+03	        1.848556e+03	        1.848556e+03	        1.848556e+03	        1.639231e+03	        1.639231e+03	        1.577166e+03	        1.577166e+03	        1.577166e+03	
        12	        5.875919e+03	        2.236610e+03	        2.236610e+03	        2.236610e+03	        1.677174e+03	        1.677174e+03	        1.677174e+03	        1.677174e+03	        1.677174e+03	        1.677174e+03	        1.677174e+03	        1.677174e+03	        1.647100e+03	        1.647100e+03	        1.647100e+03	        1.647100e+03	        1.647100e+03	        1.647100e+03	        1.647100e+03	
        13	        2.128795e+03	        2.128795e+03	        1.975315e+03	        1.975315e+03	        1.975315e+03	        1.975315e+03	        1.922265e+03	        1.922265e+03	        1.922265e+03	        1.922265e+03	        1.855548e+03	        1.855548e+03	        1.855548e+03	        1.855548e+03	        1.855548e+03	        1.826755e+03	        1.730244e+03	        1.730244e+03	        1.730244e+03	
        14	        2.212662e+03	        2.212662e+03	        2.174551e+03	        2.174551e+03	        2.174551e+03	        1.663879e+03	        1.663879e+03	        1.663879e+03	        1.663879e+03	        1.663879e+03	        1.663879e+03	        1.663879e+03	        1.663879e+03	        1.663879e+03	        1.663879e+03	        1.663879e+03	        1.663879e+03	        1.663879e+03	        1.663879e+03	
        15	        2.040419e+03	        2.040419e+03	        2.040419e+03	        2.040419e+03	        2.040419e+03	        2.040419e+03	        2.040419e+03	        2.040419e+03	        2.040419e+03	        2.040419e+03	        1.857139e+03	        1.857139e+03	        1.857139e+03	        1.857139e+03	        1.689306e+03	        1.689306e+03	        1.689306e+03	        1.510310e+03	        1.510310e+03	
        16	        3.493519e+03	        3.493519e+03	        1.930195e+03	        1.930195e+03	        1.930195e+03	        1.930195e+03	        1.930195e+03	        1.930195e+03	        1.930195e+03	        1.930195e+03	        1.930195e+03	        1.930195e+03	        1.811706e+03	        1.601216e+03	        1.601216e+03	        1.601216e+03	        1.471247e+03	        1.471247e+03	        1.471247e+03	
        17	        5.690249e+05	        4.323442e+03	        2.898976e+03	        2.898976e+03	        2.898976e+03	        2.898976e+03	        2.291290e+03	        2.291290e+03	        2.289462e+03	        2.289462e+03	        1.865419e+03	        1.865419e+03	        1.865419e+03	        1.865419e+03	        1.865419e+03	        1.865419e+03	        1.865419e+03	        1.523779e+03	        1.523779e+03	
        18	        3.136627e+03	        3.136627e+03	        3.136627e+03	        3.136627e+03	        3.136627e+03	        3.136627e+03	        2.492246e+03	        1.983762e+03	        1.983762e+03	        1.983762e+03	        1.836864e+03	        1.813489e+03	        1.774784e+03	        1.774784e+03	        1.774784e+03	        1.774784e+03	        1.774784e+03	        1.774784e+03	        1.774784e+03	
        19	        6.268848e+04	        6.268848e+04	        4.115297e+03	        4.115297e+03	        2.333413e+03	        2.333413e+03	        2.333413e+03	        2.333413e+03	        2.057076e+03	        2.057076e+03	        1.964552e+03	        1.721375e+03	        1.721375e+03	        1.666100e+03	        1.666100e+03	        1.666100e+03	        1.666100e+03	        1.666100e+03	        1.666100e+03	
        20	        2.570446e+03	        2.570446e+03	        2.570446e+03	        2.570446e+03	        1.926701e+03	        1.926701e+03	        1.926701e+03	        1.926701e+03	        1.926701e+03	        1.926701e+03	        1.791770e+03	        1.791770e+03	        1.613464e+03	        1.613464e+03	        1.613464e+03	        1.613464e+03	        1.613464e+03	        1.613464e+03	        1.613464e+03	
