74 322.296489
74 307.670901
74 316.974599
74 305.908417
74 316.585911
74 317.415847
74 314.323101
74 312.214466
74 308.218545
74 306.143411
74 317.131261
74 304.394160
74 314.262334
74 305.337441
74 312.212536
74 315.270125
74 312.040438
74 310.358149
74 310.316621
74 310.206148
74 312.244381
74 308.602506
74 308.863428
74 308.586645
74 308.662765
74 308.442383
74 308.346925
74 307.123148
74 306.228948
74 305.610225
74 305.958531
74 305.916460
74 305.838061
74 305.786394
74 309.073675
74 305.632646
74 305.608696
74 305.558402
74 305.495897
74 317.758575
74 315.553463
74 305.148121
74 305.089957
74 305.003495
74 314.168780
74 304.730022
74 304.542342
74 313.740959
74 304.484710
74 304.376381
72 315.742387
72 317.709677
72 310.751691
72 315.863588
72 310.885700
72 310.956936
72 317.211129
72 308.438522
72 311.531384
72 318.907562
72 313.050527
72 312.040438
72 317.263808
72 307.210604
72 311.061659
72 314.697922
72 304.885183
72 315.356538
72 316.788802
72 307.655026
72 305.191858
72 305.526159
72 309.927076
72 306.118794
72 306.014007
72 306.201424
72 311.795609
72 305.786394
72 305.780002
72 315.526374
72 305.363994
72 305.608696
72 309.615251
72 312.956643
72 305.558402
72 305.495897
72 316.880907
72 305.389259
72 305.759026
72 315.132198
72 305.231428
72 305.181748
72 305.148121
72 305.003495
72 304.542342
72 304.881949
72 304.730022
72 309.879752
72 304.495339
72 304.376381
70 316.265317
70 317.966511
70 308.581600
70 318.262656
70 312.022740
70 317.205629
70 315.511946
70 314.861009
70 316.594442
70 315.414579
70 315.114125
70 314.926662
70 314.510096
70 307.472555
70 304.591437
70 311.305745
70 311.799485
70 305.089957
70 308.034205
70 305.645893
70 308.291263
70 308.439876
70 308.389997
70 307.534006
70 306.409892
70 310.881254
70 305.231428
70 309.144971
70 306.697090
70 306.291397
70 305.920696
70 310.908656
70 306.014007
70 305.250171
70 305.181748
70 305.745065
70 305.702010
70 305.608696
70 305.448947
70 306.045734
70 305.003495
70 315.852323
70 304.921143
70 304.881949
70 312.428535
70 304.730022
70 304.546143
70 304.542342
70 304.532013
70 304.376381
68 304.921143
68 317.983695
68 321.561492
68 312.409870
68 305.840656
68 316.586245
68 314.779010
68 312.959566
68 305.113659
68 312.549531
68 308.034352
68 306.941132
68 315.777637
68 311.723700
68 311.301516
68 309.851402
68 310.303574
68 309.961243
68 309.505276
68 309.452335
68 305.745065
68 308.745540
68 312.447670
68 309.242679
68 308.292796
68 305.355324
68 307.760311
68 307.665997
68 307.480313
68 304.376381
68 306.916581
68 311.819050
68 318.601283
68 306.594309
68 305.838061
68 306.740528
68 308.385458
68 316.214644
68 305.814926
68 305.793609
68 305.608696
68 305.448947
68 320.406431
68 309.087010
68 305.251638
68 305.231428
68 304.990610
68 304.554426
68 304.546143
68 304.542342
66 319.831744
66 312.972691
66 312.210127
66 312.993675
66 305.683135
66 310.679294
66 316.715001
66 305.313185
66 315.992333
66 314.864842
66 313.617278
66 304.747880
66 312.540843
66 306.784588
66 306.594309
66 311.608666
66 307.760311
66 311.205328
66 308.904082
66 310.613663
66 308.937737
66 315.526002
66 308.500205
66 305.830657
66 312.148963
66 308.543338
66 307.331630
66 307.229583
66 313.683212
66 306.999118
66 316.929152
66 306.055747
66 312.682521
66 305.575653
66 305.448947
66 305.840656
66 317.594164
66 305.875406
66 305.839777
66 305.745065
66 316.770749
66 305.692107
66 305.608696
66 305.838061
66 308.962790
66 309.452335
66 305.251638
66 305.231428
66 304.554426
66 304.546143
64 317.135679
64 311.532048
64 305.251638
64 310.256134
64 305.355324
64 306.240939
64 314.864842
64 308.620195
64 316.443007
64 306.641558
64 311.892148
64 310.723233
64 313.479317
64 312.807103
64 310.759305
64 308.377300
64 319.391671
64 315.253596
64 309.294175
64 310.919961
64 305.565261
64 308.440910
64 315.766421
64 307.230658
64 307.229583
64 316.127240
64 307.193352
64 308.039975
64 307.103539
64 313.264824
64 306.635158
64 306.594309
64 307.351263
64 306.332282
64 315.364233
64 306.205168
64 306.071226
64 306.014007
64 306.000375
64 315.072008
64 308.937737
64 305.875406
64 305.839777
64 305.745065
64 305.739212
64 305.692107
64 305.544643
64 305.534076
64 305.477062
64 305.231428
62 311.302477
62 307.453626
62 317.427165
62 317.348158
62 311.279594
62 316.323919
62 317.802613
62 314.732954
62 309.139184
62 310.841927
62 312.892457
62 307.193352
62 310.603736
62 308.173944
62 311.564671
62 311.705194
62 309.682415
62 308.960774
62 312.277981
62 312.120850
62 313.620039
62 308.507000
62 309.162530
62 309.294175
62 308.901399
62 315.277309
62 306.409430
62 307.903684
62 307.414812
62 311.178531
62 306.243561
62 307.229583
62 307.103539
62 306.900012
62 306.735576
62 307.174772
62 306.635158
62 306.603911
62 306.594309
62 306.506650
62 306.207877
62 306.071226
62 306.000375
62 305.839777
62 305.745065
62 305.739212
62 305.544643
62 305.534076
62 313.663764
62 305.231428
60 320.636211
60 306.764496
60 310.498811
60 317.199826
60 315.354871
60 315.929414
60 317.492502
60 307.584041
60 315.057484
60 315.123614
60 306.409147
60 311.029086
60 310.814720
60 310.605753
60 312.793894
60 310.148260
60 309.803302
60 307.820804
60 308.737430
60 306.071226
60 314.121621
60 310.956995
60 307.903684
60 315.674939
60 307.500112
60 309.325013
60 307.279815
60 312.007003
60 314.740253
60 307.229583
60 305.507482
60 307.103539
60 310.242324
60 306.635158
60 313.647445
60 306.482288
60 306.320308
60 306.283750
60 306.278061
60 305.534076
60 306.243561
60 305.231428
60 306.173604
60 306.488756
60 320.454170
60 305.839777
60 305.745065
60 305.739212
60 305.544643
60 305.355324
58 318.024146
58 307.776775
58 310.196120
58 310.555364
58 315.719454
58 315.716810
58 314.489876
58 316.792687
58 310.322720
58 318.176960
58 312.135063
58 312.352271
58 312.951799
58 306.240400
58 307.243917
58 310.148260
58 314.635966
58 310.555268
58 310.395715
58 313.357816
58 318.329249
58 309.121890
58 310.091754
58 317.275002
58 306.278061
58 316.851000
58 308.408212
58 307.557593
58 307.779983
58 307.744689
58 307.591931
58 317.361051
58 307.279815
58 307.259426
58 307.211116
58 306.283750
58 315.929414
58 306.677314
58 306.635158
58 315.206484
58 317.891925
58 306.255729
58 306.173604
58 306.014007
58 305.941450
58 305.875406
58 305.839777
58 305.745065
58 305.544643
58 305.355324
56 306.482288
56 316.416319
56 321.082362
56 316.904440
56 309.866786
56 306.975536
56 310.103502
56 309.782660
56 314.706687
56 306.173604
56 307.500112
56 314.188456
56 318.121880
56 308.022311
56 312.591170
56 312.352271
56 313.560311
56 311.459763
56 309.610696
56 310.248502
56 313.535536
56 313.437703
56 309.247447
56 308.699268
56 307.378502
56 308.332622
56 307.888821
56 307.800841
56 317.018885
56 307.794110
56 307.509815
56 306.845546
56 307.211116
56 307.279815
56 312.639268
56 309.822361
56 306.677314
56 306.635158
56 318.772904
56 306.421243
56 306.473396
56 315.546045
56 306.430590
56 306.255729
56 306.243561
56 312.499178
56 305.941450
56 305.745065
56 305.544643
56 305.355324
54 315.638755
54 305.745065
54 306.663708
54 322.132850
54 320.017936
54 316.607056
54 306.635158
54 314.711645
54 312.722686
54 306.721403
54 314.230406
54 307.788382
54 306.071226
54 314.188456
54 313.280172
54 306.758182
54 305.355324
54 307.509815
54 307.662305
54 317.701950
54 310.799511
54 310.720307
54 310.537383
54 309.865193
54 312.011841
54 307.164482
54 307.363475
54 307.368051
54 307.349985
54 307.799214
54 312.845640
54 313.535017
54 307.476621
54 308.361858
54 307.114548
54 307.179862
54 306.931276
54 306.788434
54 310.860019
54 311.706810
54 306.677314
54 318.315017
54 306.526049
54 306.524707
54 306.430590
54 306.243561
54 306.207877
54 306.151911
54 319.378217
54 305.544643
52 319.031499
52 318.191559
52 316.459810
52 316.610532
52 314.207663
52 316.171382
52 307.519382
52 315.402820
52 315.316625
52 306.633183
52 307.156937
52 312.564928
52 313.714141
52 313.278970
52 309.848248
52 308.574015
52 314.846659
52 308.420062
52 309.080333
52 309.313822
52 306.788434
52 308.921155
52 308.770665
52 308.337113
52 312.545479
52 308.582260
52 308.530669
52 307.171199
52 307.846518
52 307.701679
52 306.430590
52 306.931276
52 310.764554
52 307.364365
52 316.224173
52 311.091733
52 308.810732
52 306.677314
52 307.338516
52 306.526049
52 306.524707
52 306.457152
52 311.812734
52 311.595224
52 306.243561
52 306.151911
52 308.669898
52 305.941450
52 305.692107
52 305.544643
50 307.846518
50 313.517767
50 308.987579
50 317.669712
50 314.751378
50 308.122129
50 314.479243
50 316.456357
50 306.789807
50 312.074718
50 307.216344
50 310.920139
50 315.520788
50 309.222269
50 309.295792
50 309.398117
50 308.298832
50 317.503902
50 308.996258
50 306.953120
50 315.829196
50 307.590172
50 305.544643
50 313.616042
50 308.530669
50 311.570530
50 309.235381
50 307.293703
50 307.207341
50 307.193934
50 307.177679
50 307.094647
50 307.091412
50 307.146738
50 307.615218
50 318.191559
50 311.440624
50 307.510449
50 306.890576
50 306.677314
50 306.644783
50 306.635158
50 306.561515
50 309.252088
50 306.459591
50 306.430590
50 306.524707
50 306.322792
50 305.941450
50 305.689596
48 306.715318
48 306.677314
48 314.961370
48 307.177679
48 307.544999
48 311.145807
48 306.430590
48 312.587036
48 310.549727
48 309.460916
48 311.734952
48 320.616905
48 311.102654
48 312.074718
48 312.044849
48 312.033640
48 313.171541
48 311.023156
48 307.094647
48 311.376702
48 315.019208
48 309.777025
48 308.418535
48 308.015625
48 306.558631
48 308.661614
48 310.019427
48 308.448511
48 308.417959
48 308.343683
48 308.872853
48 307.511184
48 307.566015
48 307.293703
48 316.411834
48 317.062768
48 307.174841
48 313.234888
48 307.047089
48 306.890576
48 306.953120
48 306.322792
48 315.270680
48 306.635158
48 306.644783
48 306.561515
48 318.442768
48 306.401665
48 308.904398
48 305.941450
46 317.046157
46 319.086468
46 310.873988
46 311.715399
46 317.615043
46 315.727063
46 312.324311
46 313.344464
46 315.064984
46 313.023799
46 315.503607
46 314.906270
46 308.614067
46 312.809983
46 313.008580
46 316.303219
46 311.230584
46 311.798954
46 311.014666
46 306.953120
46 307.689652
46 307.047089
46 309.960869
46 310.268334
46 310.303189
46 309.126570
46 306.990192
46 313.422010
46 308.943336
46 308.913844
46 310.269148
46 308.094246
46 307.975630
46 312.705419
46 307.174841
46 307.911271
46 312.033640
46 307.293703
46 315.064042
46 307.207341
46 312.633133
46 311.712747
46 309.288054
46 306.758182
46 306.635158
46 306.594309
46 306.561515
46 306.482288
46 306.401665
46 305.941450
44 318.348929
44 314.461812
44 316.589752
44 321.868909
44 316.288014
44 312.332001
44 307.067153
44 311.062049
44 315.050549
44 314.417057
44 310.048177
44 313.885881
44 312.990613
44 308.913844
44 307.286051
44 316.087457
44 316.175404
44 311.740871
44 308.629445
44 314.706062
44 310.068538
44 309.759028
44 309.822686
44 318.275765
44 312.179597
44 308.373164
44 308.966885
44 322.954341
44 307.186365
44 309.225194
44 307.769152
44 307.572978
44 317.398849
44 308.247046
44 307.336489
44 307.331269
44 307.293703
44 309.048862
44 308.969452
44 307.047089
44 316.291986
44 317.632241
44 306.758182
44 306.635158
44 306.594309
44 306.561515
44 306.482288
44 306.401665
44 306.016305
44 305.941450
42 308.003881
42 316.899355
42 313.829723
42 307.769152
42 315.222552
42 314.339964
42 307.752641
42 312.911050
42 307.339313
42 312.477935
42 312.580612
42 307.716074
42 308.574766
42 306.482288
42 310.692152
42 309.778821
42 312.544120
42 306.635158
42 307.047089
42 308.373164
42 308.102364
42 306.594309
42 308.040329
42 310.746737
42 308.970053
42 310.042065
42 311.167523
42 308.269735
42 313.095078
42 309.016406
42 306.805065
42 307.643079
42 308.241715
42 307.553501
42 307.459719
42 307.453494
42 307.407064
42 307.336489
42 307.331269
42 307.293703
42 307.293411
42 311.556970
42 306.561515
42 306.831287
42 306.801454
42 306.758182
42 306.531692
42 306.401665
42 306.016305
42 305.941450
40 307.336489
40 310.296159
40 315.510512
40 308.373164
40 308.102364
40 306.964191
40 307.676620
40 312.973426
40 314.079780
40 308.501714
40 318.738384
40 311.670290
40 313.434764
40 309.115425
40 310.567407
40 308.104792
40 310.699430
40 308.754021
40 307.407064
40 311.819955
40 316.116778
40 307.459719
40 307.936672
40 315.526032
40 307.683356
40 316.816359
40 308.060400
40 308.042592
40 307.991668
40 307.924159
40 305.941450
40 309.519965
40 307.711005
40 314.395233
40 307.614458
40 307.443030
40 306.899387
40 309.400247
40 307.293703
40 307.773876
40 307.189718
40 308.396486
40 314.454150
40 306.969471
40 316.621291
40 306.836291
40 312.992759
40 306.758182
40 306.401665
40 306.016305
38 307.286051
38 306.401665
38 316.064792
38 313.787956
38 306.016305
38 312.815058
38 314.424970
38 314.715514
38 307.691069
38 310.261973
38 307.972188
38 312.305907
38 317.443370
38 312.036102
38 311.265015
38 307.189718
38 314.202585
38 310.820008
38 308.365628
38 309.729512
38 316.875048
38 309.198798
38 310.723755
38 308.836380
38 308.404583
38 310.390301
38 308.334650
38 307.846518
38 307.139734
38 307.924159
38 314.223652
38 307.823147
38 307.719399
38 312.805241
38 307.676620
38 308.508843
38 307.565831
38 307.385894
38 307.382812
38 307.293703
38 307.275769
38 307.275139
38 307.200496
38 309.709231
38 306.969471
38 306.903501
38 306.869564
38 306.836291
38 306.758182
38 306.561515
36 317.349866
36 316.020210
36 311.278048
36 311.823445
36 314.097660
36 307.972188
36 306.869564
36 313.941394
36 309.883560
36 307.443030
36 307.385894
36 314.116108
36 312.974572
36 311.136537
36 311.591059
36 309.032557
36 311.513967
36 311.072809
36 314.061709
36 309.935189
36 307.719399
36 308.083813
36 313.116410
36 312.305907
36 312.875848
36 309.709899
36 308.074023
36 307.165235
36 308.040131
36 307.924159
36 306.701347
36 307.819428
36 308.806929
36 307.716074
36 312.228533
36 307.614458
36 307.565831
36 307.367199
36 314.117111
36 307.275769
36 308.117087
36 307.200496
36 307.140034
36 307.676620
36 312.720032
36 306.903501
36 306.836291
36 306.805065
36 306.758182
36 306.561515
34 318.084901
34 312.819489
34 316.846176
34 307.972188
34 316.913558
34 314.904460
34 314.707232
34 318.175864
34 306.872220
34 315.218180
34 316.258655
34 308.482868
34 318.542762
34 312.706913
34 311.555316
34 307.830402
34 310.674446
34 311.225840
34 310.821987
34 307.245192
34 308.977054
34 309.534216
34 307.924159
34 307.286051
34 309.500177
34 310.107647
34 307.130097
34 308.717217
34 308.756870
34 310.255862
34 308.083813
34 308.040715
34 308.040131
34 307.338781
34 308.015878
34 307.834452
34 307.819428
34 307.803040
34 307.893755
34 308.354302
34 309.674143
34 315.409817
34 307.200496
34 307.367199
34 307.359809
34 316.143578
34 306.930672
34 306.836291
34 306.758182
34 306.561515
32 308.890100
32 318.249703
32 318.196325
32 314.472130
32 316.981357
32 309.534216
32 316.833607
32 307.247181
32 315.344197
32 312.214159
32 313.903180
32 310.973611
32 307.565831
32 312.195091
32 308.289069
32 316.968286
32 311.607775
32 310.550623
32 317.505906
32 307.408077
32 310.228264
32 309.485418
32 308.664956
32 314.864235
32 308.984947
32 309.216814
32 309.070291
32 308.643259
32 307.246228
32 312.299191
32 308.015878
32 308.345332
32 306.930672
32 309.737120
32 308.083813
32 314.353661
32 314.296056
32 307.846407
32 307.834452
32 307.803040
32 317.145589
32 307.382812
32 307.443030
32 307.401311
32 307.331269
32 307.183021
32 307.090565
32 306.922099
32 306.758182
32 306.561515
30 319.681173
30 308.083813
30 319.122321
30 317.479765
30 316.981357
30 318.203782
30 307.469862
30 315.151395
30 315.258705
30 311.364924
30 308.586837
30 311.489333
30 308.890100
30 311.878397
30 308.451517
30 308.985830
30 307.277939
30 309.485418
30 310.228264
30 307.846407
30 309.838342
30 308.487479
30 309.660818
30 309.652443
30 307.614458
30 317.239146
30 308.592381
30 308.941427
30 312.664314
30 310.702400
30 314.442180
30 308.643259
30 309.196880
30 308.232616
30 308.345332
30 308.563120
30 308.038505
30 308.335086
30 307.981530
30 307.952039
30 307.906600
30 307.855568
30 307.803040
30 307.443030
30 307.331269
30 320.351778
30 307.183021
30 307.090565
30 306.922099
30 306.561515
28 320.183765
28 316.981357
28 316.246499
28 316.668156
28 308.475671
28 309.660818
28 308.360198
28 308.295149
28 313.341530
28 313.523540
28 312.960727
28 314.255256
28 314.680347
28 309.357765
28 310.406918
28 311.757078
28 311.530825
28 309.157417
28 310.477879
28 316.319247
28 308.460346
28 308.941427
28 313.194621
28 311.928062
28 309.275446
28 310.309632
28 309.905044
28 309.672378
28 311.866431
28 322.573733
28 315.222206
28 308.918810
28 309.049014
28 309.103837
28 311.088418
28 309.316053
28 308.705934
28 308.245548
28 308.275133
28 308.583939
28 308.572043
28 310.960064
28 308.379237
28 308.345332
28 306.922099
28 308.074023
28 308.043375
28 307.443030
28 307.090565
28 306.561515
26 308.043375
26 316.035600
26 309.609257
26 316.744862
26 310.191912
26 315.591438
26 313.565248
26 310.972459
26 313.647112
26 308.379237
26 313.839442
26 311.813465
26 314.439645
26 307.443030
26 311.743943
26 311.188665
26 310.502409
26 310.496936
26 310.398910
26 309.905044
26 309.788462
26 317.945124
26 310.071271
26 309.037775
26 311.793248
26 308.596633
26 309.674089
26 317.183514
26 314.104382
26 309.471427
26 315.455743
26 312.230467
26 309.168513
26 311.896590
26 309.701972
26 313.387905
26 308.705934
26 308.583939
26 308.572043
26 309.316053
26 308.522361
26 308.453057
26 311.476687
26 308.181550
26 308.074023
26 307.840041
26 314.213637
26 307.446144
26 307.296999
26 307.090565
24 311.413486
24 318.487145
24 316.912033
24 308.447932
24 310.421439
24 317.322282
24 315.867277
24 309.471427
24 315.591438
24 313.427302
24 315.535736
24 312.132691
24 311.393899
24 311.380369
24 317.259382
24 311.813465
24 310.921244
24 308.872634
24 311.523727
24 309.875349
24 308.537474
24 311.086395
24 311.153383
24 313.191067
24 309.674089
24 311.642693
24 307.798413
24 309.737405
24 307.961160
24 310.610856
24 310.200218
24 308.705934
24 310.007382
24 308.618603
24 309.609257
24 309.112708
24 309.098545
24 317.661901
24 308.726572
24 308.453057
24 313.860737
24 308.444734
24 315.939426
24 308.296840
24 308.181550
24 308.050765
24 314.698776
24 307.563751
24 307.446144
24 307.090565
22 313.979609
22 311.982517
22 317.036804
22 312.414944
22 313.119389
22 309.623683
22 315.303863
22 314.452900
22 315.092045
22 310.505514
22 315.091603
22 315.602553
22 314.220723
22 315.837403
22 315.462452
22 307.679323
22 311.042737
22 308.703839
22 314.140968
22 308.618902
22 308.444734
22 310.338556
22 307.563751
22 313.536019
22 311.835619
22 309.239007
22 308.726572
22 311.017210
22 312.721825
22 314.492117
22 310.840282
22 310.739109
22 310.655852
22 310.536246
22 310.358790
22 311.813465
22 309.770046
22 310.360527
22 314.480397
22 309.757837
22 309.486782
22 309.154646
22 309.112708
22 312.192864
22 308.453057
22 308.365756
22 308.296840
22 308.247871
22 307.446144
22 307.090565
20 314.206870
20 312.309208
20 315.074515
20 310.377651
20 315.003238
20 310.200218
20 314.249870
20 310.358790
20 318.131109
20 314.928198
20 312.394469
20 315.417789
20 313.047570
20 315.208761
20 312.169764
20 308.803527
20 312.651588
20 313.125721
20 312.193433
20 311.774383
20 310.549590
20 316.179415
20 310.471774
20 312.425833
20 310.025963
20 311.839198
20 311.446336
20 311.608307
20 311.576009
20 311.479456
20 311.419530
20 311.077732
20 311.032973
20 315.257594
20 308.247871
20 310.840282
20 315.686959
20 310.697868
20 313.612265
20 308.365756
20 317.587042
20 310.344426
20 320.884369
20 309.486782
20 309.723363
20 309.154646
20 309.112708
20 308.379237
20 308.296840
20 307.090565
18 319.742531
18 310.840282
18 311.479456
18 313.270483
18 315.705709
18 311.535232
18 315.872086
18 312.864628
18 313.033761
18 312.735490
18 312.705175
18 313.099342
18 310.878723
18 317.288365
18 318.371510
18 321.106673
18 313.464606
18 311.977550
18 311.925983
18 313.037532
18 312.147295
18 311.419530
18 313.348521
18 311.824543
18 312.969096
18 308.379237
18 313.305800
18 311.731494
18 308.181550
18 311.665515
18 311.557716
18 311.542102
18 311.244997
18 311.032973
18 310.980696
18 307.090565
18 316.643286
18 310.344426
18 310.774302
18 314.657833
18 310.585526
18 310.717353
18 310.454664
18 310.258259
18 312.100261
18 309.819904
18 309.723363
18 309.154646
18 309.112708
18 308.296840
16 318.839644
16 311.735394
16 309.112708
16 313.107380
16 314.231423
16 313.435257
16 314.814477
16 315.104050
16 315.725115
16 310.585526
16 313.197140
16 313.885529
16 314.260223
16 314.993777
16 313.957143
16 313.192459
16 311.044997
16 313.751338
16 312.938578
16 312.192781
16 311.727237
16 311.649002
16 312.891487
16 313.010379
16 310.258259
16 312.648181
16 312.737375
16 312.199941
16 312.146372
16 311.773162
16 316.990876
16 311.814107
16 311.693917
16 316.443816
16 311.610418
16 309.819904
16 321.093792
16 310.936643
16 310.872743
16 310.838566
16 310.824032
16 310.799017
16 313.365130
16 310.717402
16 310.358790
16 310.247104
16 318.840392
16 311.824543
16 309.154646
16 308.296840
14 320.657302
14 316.743187
14 320.951128
14 310.838566
14 317.545117
14 313.756323
14 311.951530
14 318.195863
14 312.873788
14 308.296840
14 311.617453
14 315.007106
14 319.925676
14 313.911682
14 314.321561
14 312.360517
14 313.627845
14 314.139666
14 314.024083
14 316.645421
14 311.922954
14 313.724414
14 312.920912
14 313.308732
14 311.446336
14 310.746089
14 317.061643
14 313.851277
14 312.560312
14 313.751338
14 314.458845
14 313.233041
14 315.813233
14 316.517188
14 314.743015
14 314.870477
14 310.872743
14 312.146372
14 312.441581
14 312.031686
14 311.916098
14 311.523051
14 311.631769
14 311.208070
14 311.130026
14 311.043646
14 310.824032
14 310.618458
14 309.154646
14 309.112708
12 321.029010
12 316.606928
12 313.851646
12 312.186060
12 317.558908
12 313.806605
12 312.232043
12 314.916210
12 313.696734
12 309.154646
12 316.735751
12 314.407869
12 314.882238
12 314.217804
12 314.024083
12 313.781720
12 314.551817
12 315.195382
12 314.409135
12 313.411331
12 314.189624
12 312.094024
12 314.024528
12 317.709406
12 317.999296
12 317.843899
12 313.779738
12 315.013148
12 313.394913
12 312.927855
12 312.771084
12 311.879591
12 315.131495
12 312.401114
12 312.532655
12 310.080270
12 313.280646
12 312.251192
12 312.649511
12 312.146372
12 312.435728
12 319.280187
12 311.356073
12 313.670893
12 311.043646
12 311.038543
12 310.872743
12 310.618458
12 310.247955
12 309.112708
10 317.404993
10 318.188470
10 319.602434
10 316.499543
10 316.621117
10 318.884159
10 311.038543
10 313.341777
10 313.944254
10 314.998833
10 319.033861
10 314.785203
10 317.375093
10 314.484944
10 312.771084
10 314.147744
10 312.347511
10 311.292752
10 314.898568
10 315.672222
10 310.618458
10 314.404021
10 313.137059
10 314.051557
10 313.724268
10 317.435254
10 314.230900
10 314.137794
10 315.370356
10 314.093365
10 312.736266
10 313.899627
10 315.622898
10 312.532655
10 313.195897
10 320.476451
10 312.646582
10 312.927855
10 312.800840
10 312.690458
10 312.658180
10 312.590457
10 312.812708
10 312.441878
10 312.251192
10 309.112708
10 312.147295
10 311.904615
10 311.356073
10 310.734180
8 312.658180
8 320.929864
8 320.409322
8 314.847083
8 314.093365
8 316.623200
8 320.332018
8 319.563173
8 318.042555
8 318.742879
8 316.410385
8 314.795556
8 317.674471
8 315.655285
8 315.574099
8 318.994833
8 318.669416
8 314.027827
8 312.229538
8 314.675210
8 315.665130
8 317.893451
8 316.397972
8 315.968605
8 314.992688
8 319.948287
8 317.760334
8 315.612315
8 316.169770
8 319.210021
8 313.124393
8 317.011259
8 314.662371
8 314.373841
8 314.311238
8 314.114549
8 318.377997
8 313.838094
8 312.690458
8 314.790026
8 313.569239
8 313.195897
8 313.174629
8 313.080371
8 312.989515
8 312.800840
8 312.448622
8 312.263521
8 312.147295
8 311.356073
6 315.916967
6 320.929864
6 313.195897
6 317.384291
6 321.014215
6 317.664768
6 318.338932
6 315.881973
6 312.978012
6 318.052389
6 317.838913
6 317.728832
6 318.329770
6 317.759547
6 316.117066
6 313.860832
6 316.710328
6 317.391271
6 313.654602
6 313.174629
6 317.277983
6 321.170901
6 317.725711
6 316.925412
6 315.622405
6 316.667518
6 316.580019
6 316.466664
6 318.045954
6 317.674471
6 312.448622
6 319.563173
6 314.373841
6 312.989515
6 316.850042
6 315.494658
6 315.446875
6 315.372559
6 316.950993
6 315.313901
6 315.049133
6 315.206368
6 314.992006
6 314.615835
6 314.715232
6 314.629721
6 313.080371
6 312.263521
6 312.147295
6 311.356073
4 319.696048
4 318.006286
4 319.797350
4 317.533847
4 318.196665
4 320.731058
4 315.939016
4 314.744599
4 316.171373
4 317.408943
4 317.798447
4 315.324054
4 319.534340
4 317.290164
4 319.463146
4 316.851631
4 319.066201
4 316.580019
4 321.068916
4 318.152004
4 320.054831
4 320.409311
4 316.925412
4 320.519533
4 321.173663
4 316.661837
4 316.984546
4 316.885908
4 315.418876
4 319.213443
4 316.435254
4 319.069682
4 316.312572
4 316.287294
4 320.570675
4 316.203295
4 316.114479
4 317.670204
4 322.855177
4 315.975735
4 315.650635
4 311.356073
4 315.313901
4 315.206368
4 315.962050
4 314.715232
4 313.080371
4 315.819015
4 312.263521
4 312.147295
2 321.270320
2 318.943303
2 318.366506
2 321.095344
2 317.593410
2 319.428742
2 319.463146
2 320.373261
2 322.326153
2 323.238642
2 323.877957
2 314.715232
2 316.623701
2 318.792977
2 319.844273
2 325.345347
2 316.186398
2 319.979172
2 317.677300
2 319.120142
2 318.887605
2 318.834105
2 318.675037
2 318.674599
2 317.878222
2 316.709659
2 319.883572
2 319.728412
2 317.359886
2 318.164923
2 316.930668
2 317.278981
2 316.851631
2 316.772990
2 323.382533
2 315.318796
2 320.391806
2 316.410058
2 316.395706
2 316.312572
2 317.609029
2 316.114479
2 316.050379
2 316.015484
2 315.298783
2 315.245580
2 315.206368
2 315.141005
2 315.650635
2 312.147295
