%count	x
15	89.811830	33.448831	-9.916733	70.542728	-46.789876	6.439496	21.857230	-56.237471	-67.514000	60.534335	-45.346509	-88.928362	17.997969	-21.288880	-47.370289	13.070428	93.097961	35.283136	27.341360	-62.610596	-50.742277	-79.534000	-35.262898	-59.374802	8.685412	-5.162981	-72.098184	55.184578	-16.428112	-81.503006	
30	89.811830	33.448831	-9.916733	70.542728	-46.789876	6.439496	21.857230	-56.237471	-67.514000	60.534335	-45.346509	-88.928362	17.997969	-21.288880	-47.370289	13.070428	93.097961	35.283136	27.341360	-62.610596	-50.742277	-79.534000	-35.262898	-59.374802	8.685412	-5.162981	-72.098184	55.184578	-16.428112	-81.503006	
45	89.811830	33.448831	-9.916733	70.542728	-46.789876	6.439496	21.857230	-56.237471	-67.514000	60.534335	-45.346509	-88.928362	17.997969	-21.288880	-47.370289	13.070428	93.097961	35.283136	27.341360	-62.610596	-50.742277	-79.534000	-35.262898	-59.374802	8.685412	-5.162981	-72.098184	55.184578	-16.428112	-81.503006	
60	20.041361	58.119197	-67.492233	40.749058	28.094371	59.267104	96.653009	-98.690585	-7.322504	-84.474741	-3.575990	-78.361676	-22.533017	13.632398	97.490155	-84.057456	-88.795314	-59.161203	99.698192	-81.806374	55.410823	1.016821	14.973391	-88.395801	-57.550581	0.477723	-73.139123	55.962241	-74.513880	-86.669710	
75	20.041361	58.119197	-67.492233	40.749058	28.094371	59.267104	96.653009	-98.690585	-7.322504	-84.474741	-3.575990	-78.361676	-22.533017	13.632398	97.490155	-84.057456	-88.795314	-59.161203	99.698192	-81.806374	55.410823	1.016821	14.973391	-88.395801	-57.550581	0.477723	-73.139123	55.962241	-74.513880	-86.669710	
90	20.041361	58.119197	-67.492233	40.749058	28.094371	59.267104	96.653009	-98.690585	-7.322504	-84.474741	-3.575990	-78.361676	-22.533017	13.632398	97.490155	-84.057456	-88.795314	-59.161203	99.698192	-81.806374	55.410823	1.016821	14.973391	-88.395801	-57.550581	0.477723	-73.139123	55.962241	-74.513880	-86.669710	
105	20.041361	58.119197	-67.492233	40.749058	28.094371	59.267104	96.653009	-98.690585	-7.322504	-84.474741	-3.575990	-78.361676	-22.533017	13.632398	97.490155	-84.057456	-88.795314	-59.161203	99.698192	-81.806374	55.410823	1.016821	14.973391	-88.395801	-57.550581	0.477723	-73.139123	55.962241	-74.513880	-86.669710	
120	20.041361	58.119197	-67.492233	40.749058	28.094371	59.267104	96.653009	-98.690585	-7.322504	-84.474741	-3.575990	-78.361676	-22.533017	13.632398	97.490155	-84.057456	-88.795314	-59.161203	99.698192	-81.806374	55.410823	1.016821	14.973391	-88.395801	-57.550581	0.477723	-73.139123	55.962241	-74.513880	-86.669710	
135	20.041361	58.119197	-67.492233	40.749058	28.094371	59.267104	96.653009	-98.690585	-7.322504	-84.474741	-3.575990	-78.361676	-22.533017	13.632398	97.490155	-84.057456	-88.795314	-59.161203	99.698192	-81.806374	55.410823	1.016821	14.973391	-88.395801	-57.550581	0.477723	-73.139123	55.962241	-74.513880	-86.669710	
150	20.041361	58.119197	-67.492233	40.749058	28.094371	59.267104	96.653009	-98.690585	-7.322504	-84.474741	-3.575990	-78.361676	-22.533017	13.632398	97.490155	-84.057456	-88.795314	-59.161203	99.698192	-81.806374	55.410823	1.016821	14.973391	-88.395801	-57.550581	0.477723	-73.139123	55.962241	-74.513880	-86.669710	
300	68.328186	-85.217056	-98.634755	93.682061	-37.266555	21.959538	61.450453	-44.477176	15.482415	73.941685	40.451661	5.435983	-49.715273	-47.394845	-96.066946	6.631634	36.483066	29.679717	73.131876	11.508807	0.270325	-75.002818	-22.927441	-52.552450	-40.370951	31.017012	4.729553	-43.920013	-66.982221	-92.820243	
450	38.528609	-12.933836	58.607996	-35.114069	-15.189766	-36.057463	44.084950	-37.380933	79.814400	33.727162	-56.215377	1.596422	-62.251833	15.184830	-46.971473	35.607502	14.454880	-36.215365	-73.972988	-86.705788	16.565549	-16.006118	-97.364778	3.036940	-13.667190	60.498602	25.494428	9.339160	-96.624342	-67.719719	
600	38.528609	-12.933836	58.607996	-35.114069	-15.189766	-36.057463	44.084950	-37.380933	79.814400	33.727162	-56.215377	1.596422	-62.251833	15.184830	-46.971473	35.607502	14.454880	-36.215365	-73.972988	-86.705788	16.565549	-16.006118	-97.364778	3.036940	-13.667190	60.498602	25.494428	9.339160	-96.624342	-67.719719	
750	-80.746206	65.472718	-7.763758	32.252963	75.714706	-34.267987	55.244378	51.366083	-25.521221	-4.212490	57.673741	-45.801159	-70.708359	3.255795	-26.231896	12.517167	12.082817	43.457352	90.535034	50.484096	-2.189393	-69.290798	-85.650113	-66.236251	67.857816	43.591031	19.836440	-52.565161	-74.488001	-87.195240	
900	-80.746206	65.472718	-7.763758	32.252963	75.714706	-34.267987	55.244378	51.366083	-25.521221	-4.212490	57.673741	-45.801159	-70.708359	3.255795	-26.231896	12.517167	12.082817	43.457352	90.535034	50.484096	-2.189393	-69.290798	-85.650113	-66.236251	67.857816	43.591031	19.836440	-52.565161	-74.488001	-87.195240	
1050	-80.746206	65.472718	-7.763758	32.252963	75.714706	-34.267987	55.244378	51.366083	-25.521221	-4.212490	57.673741	-45.801159	-70.708359	3.255795	-26.231896	12.517167	12.082817	43.457352	90.535034	50.484096	-2.189393	-69.290798	-85.650113	-66.236251	67.857816	43.591031	19.836440	-52.565161	-74.488001	-87.195240	
1200	-80.746206	65.472718	-7.763758	32.252963	75.714706	-34.267987	55.244378	51.366083	-25.521221	-4.212490	57.673741	-45.801159	-70.708359	3.255795	-26.231896	12.517167	12.082817	43.457352	90.535034	50.484096	-2.189393	-69.290798	-85.650113	-66.236251	67.857816	43.591031	19.836440	-52.565161	-74.488001	-87.195240	
1350	-80.746206	65.472718	-7.763758	32.252963	75.714706	-34.267987	55.244378	51.366083	-25.521221	-4.212490	57.673741	-45.801159	-70.708359	3.255795	-26.231896	12.517167	12.082817	43.457352	90.535034	50.484096	-2.189393	-69.290798	-85.650113	-66.236251	67.857816	43.591031	19.836440	-52.565161	-74.488001	-87.195240	
1500	-80.746206	65.472718	-7.763758	32.252963	75.714706	-34.267987	55.244378	51.366083	-25.521221	-4.212490	57.673741	-45.801159	-70.708359	3.255795	-26.231896	12.517167	12.082817	43.457352	90.535034	50.484096	-2.189393	-69.290798	-85.650113	-66.236251	67.857816	43.591031	19.836440	-52.565161	-74.488001	-87.195240	
