%count	x
15	61.569952	15.715261	74.445838	-6.856028	-60.995816	39.113426	37.967567	-0.412978	9.882200	-76.863072	-23.140372	67.882582	-72.057306	78.934215	17.499996	-68.645078	61.155644	51.058645	9.604232	97.935369	-0.336288	-60.514405	96.253618	-14.917648	-37.664828	67.837326	-40.801196	94.035298	5.527574	16.324181	
30	25.555489	37.010084	15.227378	13.982688	65.330260	-56.909977	-76.339501	39.645378	-33.976308	-84.811418	-61.374482	-0.587369	-16.372805	-79.355345	-37.270769	-25.362082	-85.027801	82.568261	-98.077204	-22.281838	11.353112	87.167663	-53.193817	-76.158302	-50.424633	76.078123	-27.236295	-51.244625	55.329420	-17.234392	
45	25.555489	37.010084	15.227378	13.982688	65.330260	-56.909977	-76.339501	39.645378	-33.976308	-84.811418	-61.374482	-0.587369	-16.372805	-79.355345	-37.270769	-25.362082	-85.027801	82.568261	-98.077204	-22.281838	11.353112	87.167663	-53.193817	-76.158302	-50.424633	76.078123	-27.236295	-51.244625	55.329420	-17.234392	
60	-42.828367	0.676042	1.393674	-67.807606	-55.259916	56.412531	65.005231	36.040346	34.540150	-58.863235	82.367482	-9.496526	-51.509811	38.528710	37.611838	-70.611461	98.358067	-67.944023	-59.591430	90.430344	-75.005645	47.744015	31.683568	49.046009	86.924309	53.196799	-47.732264	-20.770905	-49.882105	-64.249507	
75	-42.828367	0.676042	1.393674	-67.807606	-55.259916	56.412531	65.005231	36.040346	34.540150	-58.863235	82.367482	-9.496526	-51.509811	38.528710	37.611838	-70.611461	98.358067	-67.944023	-59.591430	90.430344	-75.005645	47.744015	31.683568	49.046009	86.924309	53.196799	-47.732264	-20.770905	-49.882105	-64.249507	
90	-33.136697	-60.935132	-79.990605	45.249743	43.471612	-23.033802	6.630798	0.300020	17.332523	-16.554393	38.163135	-53.169902	-49.629175	-12.459669	-31.426446	10.121395	9.899196	-52.465301	57.479863	-22.473144	75.241327	-59.356314	-35.912696	-20.410129	-17.482968	76.816224	60.258276	-63.524706	-1.844388	-18.282366	
105	-17.329471	54.509674	11.924001	-38.428104	-19.477849	-15.034045	-92.433758	-12.129687	-7.086299	-21.315614	51.220853	-60.363783	-13.297148	-43.108671	53.021215	-74.599183	73.896829	37.127322	-52.356235	-46.005771	84.895586	50.675068	22.776972	-95.099860	-37.403906	54.613880	-12.759839	-24.847025	-49.180651	-23.793339	
120	-17.329471	54.509674	11.924001	-38.428104	-19.477849	-15.034045	-92.433758	-12.129687	-7.086299	-21.315614	51.220853	-60.363783	-13.297148	-43.108671	53.021215	-74.599183	73.896829	37.127322	-52.356235	-46.005771	84.895586	50.675068	22.776972	-95.099860	-37.403906	54.613880	-12.759839	-24.847025	-49.180651	-23.793339	
135	-17.329471	54.509674	11.924001	-38.428104	-19.477849	-15.034045	-92.433758	-12.129687	-7.086299	-21.315614	51.220853	-60.363783	-13.297148	-43.108671	53.021215	-74.599183	73.896829	37.127322	-52.356235	-46.005771	84.895586	50.675068	22.776972	-95.099860	-37.403906	54.613880	-12.759839	-24.847025	-49.180651	-23.793339	
150	-17.329471	54.509674	11.924001	-38.428104	-19.477849	-15.034045	-92.433758	-12.129687	-7.086299	-21.315614	51.220853	-60.363783	-13.297148	-43.108671	53.021215	-74.599183	73.896829	37.127322	-52.356235	-46.005771	84.895586	50.675068	22.776972	-95.099860	-37.403906	54.613880	-12.759839	-24.847025	-49.180651	-23.793339	
300	-17.329471	54.509674	11.924001	-38.428104	-19.477849	-15.034045	-92.433758	-12.129687	-7.086299	-21.315614	51.220853	-60.363783	-13.297148	-43.108671	53.021215	-74.599183	73.896829	37.127322	-52.356235	-46.005771	84.895586	50.675068	22.776972	-95.099860	-37.403906	54.613880	-12.759839	-24.847025	-49.180651	-23.793339	
450	-17.329471	54.509674	11.924001	-38.428104	-19.477849	-15.034045	-92.433758	-12.129687	-7.086299	-21.315614	51.220853	-60.363783	-13.297148	-43.108671	53.021215	-74.599183	73.896829	37.127322	-52.356235	-46.005771	84.895586	50.675068	22.776972	-95.099860	-37.403906	54.613880	-12.759839	-24.847025	-49.180651	-23.793339	
600	-17.329471	54.509674	11.924001	-38.428104	-19.477849	-15.034045	-92.433758	-12.129687	-7.086299	-21.315614	51.220853	-60.363783	-13.297148	-43.108671	53.021215	-74.599183	73.896829	37.127322	-52.356235	-46.005771	84.895586	50.675068	22.776972	-95.099860	-37.403906	54.613880	-12.759839	-24.847025	-49.180651	-23.793339	
750	-17.329471	54.509674	11.924001	-38.428104	-19.477849	-15.034045	-92.433758	-12.129687	-7.086299	-21.315614	51.220853	-60.363783	-13.297148	-43.108671	53.021215	-74.599183	73.896829	37.127322	-52.356235	-46.005771	84.895586	50.675068	22.776972	-95.099860	-37.403906	54.613880	-12.759839	-24.847025	-49.180651	-23.793339	
900	-17.329471	54.509674	11.924001	-38.428104	-19.477849	-15.034045	-92.433758	-12.129687	-7.086299	-21.315614	51.220853	-60.363783	-13.297148	-43.108671	53.021215	-74.599183	73.896829	37.127322	-52.356235	-46.005771	84.895586	50.675068	22.776972	-95.099860	-37.403906	54.613880	-12.759839	-24.847025	-49.180651	-23.793339	
1050	-17.329471	54.509674	11.924001	-38.428104	-19.477849	-15.034045	-92.433758	-12.129687	-7.086299	-21.315614	51.220853	-60.363783	-13.297148	-43.108671	53.021215	-74.599183	73.896829	37.127322	-52.356235	-46.005771	84.895586	50.675068	22.776972	-95.099860	-37.403906	54.613880	-12.759839	-24.847025	-49.180651	-23.793339	
1200	-17.329471	54.509674	11.924001	-38.428104	-19.477849	-15.034045	-92.433758	-12.129687	-7.086299	-21.315614	51.220853	-60.363783	-13.297148	-43.108671	53.021215	-74.599183	73.896829	37.127322	-52.356235	-46.005771	84.895586	50.675068	22.776972	-95.099860	-37.403906	54.613880	-12.759839	-24.847025	-49.180651	-23.793339	
1350	-17.329471	54.509674	11.924001	-38.428104	-19.477849	-15.034045	-92.433758	-12.129687	-7.086299	-21.315614	51.220853	-60.363783	-13.297148	-43.108671	53.021215	-74.599183	73.896829	37.127322	-52.356235	-46.005771	84.895586	50.675068	22.776972	-95.099860	-37.403906	54.613880	-12.759839	-24.847025	-49.180651	-23.793339	
1500	-17.329471	54.509674	11.924001	-38.428104	-19.477849	-15.034045	-92.433758	-12.129687	-7.086299	-21.315614	51.220853	-60.363783	-13.297148	-43.108671	53.021215	-74.599183	73.896829	37.127322	-52.356235	-46.005771	84.895586	50.675068	22.776972	-95.099860	-37.403906	54.613880	-12.759839	-24.847025	-49.180651	-23.793339	
