%count	x
15	13.639672	21.083143	40.747643	-3.656758	-21.305804	-39.396344	58.976130	65.401735	-9.713633	26.315086	-22.539270	37.398348	-35.545707	-48.377411	21.083833	-53.946894	99.851560	16.450674	33.558488	-10.199440	68.533142	87.228479	-14.437560	90.427064	-14.164874	33.707638	52.865944	-77.681043	-21.943628	-40.887032	
30	13.639672	21.083143	40.747643	-3.656758	-21.305804	-39.396344	58.976130	65.401735	-9.713633	26.315086	-22.539270	37.398348	-35.545707	-48.377411	21.083833	-53.946894	99.851560	16.450674	33.558488	-10.199440	68.533142	87.228479	-14.437560	90.427064	-14.164874	33.707638	52.865944	-77.681043	-21.943628	-40.887032	
45	-78.876555	69.257995	-39.112919	15.295248	28.657534	84.033828	-54.451624	22.352198	-49.746110	66.031298	39.289417	-93.016543	86.109144	-7.739044	-34.520376	44.346197	-51.608908	29.543423	-84.129821	57.530701	-6.861978	78.384476	-83.957853	62.899329	24.321858	22.969784	-26.799796	23.013968	-54.154335	-34.963388	
60	-13.661311	16.429098	-18.303212	-4.340009	-76.029543	-51.988853	-30.155265	98.407910	16.969837	-20.688690	78.045354	7.861469	75.357946	-90.233116	15.332283	-15.616211	-33.258438	76.226446	24.650078	19.081362	-23.266679	51.434376	52.858796	-15.854029	-5.271736	-34.517890	-23.467900	2.623369	-30.061924	42.466956	
75	-13.661311	16.429098	-18.303212	-4.340009	-76.029543	-51.988853	-30.155265	98.407910	16.969837	-20.688690	78.045354	7.861469	75.357946	-90.233116	15.332283	-15.616211	-33.258438	76.226446	24.650078	19.081362	-23.266679	51.434376	52.858796	-15.854029	-5.271736	-34.517890	-23.467900	2.623369	-30.061924	42.466956	
90	-35.002240	49.649776	46.041466	12.975168	57.974035	20.866912	-61.415388	81.229365	-39.830308	-68.705366	49.388993	-89.259347	-2.785255	94.770904	37.597402	1.366932	21.492163	-52.591495	25.393138	-34.648554	55.263095	59.341490	65.966511	-56.364744	-24.654725	34.139491	44.398213	27.796444	-5.083094	-95.546989	
105	-31.155550	-60.670604	64.694230	81.860870	10.421556	60.511723	-22.887165	82.807866	77.706049	-33.530775	-8.678568	-82.748225	-9.623158	35.729048	83.595410	-92.723571	-38.045649	14.969726	33.541543	32.602069	-1.820592	-17.958162	-24.127582	23.583467	31.150722	34.044986	-1.582776	36.601412	-91.407160	21.051189	
120	-31.155550	-60.670604	64.694230	81.860870	10.421556	60.511723	-22.887165	82.807866	77.706049	-33.530775	-8.678568	-82.748225	-9.623158	35.729048	83.595410	-92.723571	-38.045649	14.969726	33.541543	32.602069	-1.820592	-17.958162	-24.127582	23.583467	31.150722	34.044986	-1.582776	36.601412	-91.407160	21.051189	
135	-31.155550	-60.670604	64.694230	81.860870	10.421556	60.511723	-22.887165	82.807866	77.706049	-33.530775	-8.678568	-82.748225	-9.623158	35.729048	83.595410	-92.723571	-38.045649	14.969726	33.541543	32.602069	-1.820592	-17.958162	-24.127582	23.583467	31.150722	34.044986	-1.582776	36.601412	-91.407160	21.051189	
150	-31.155550	-60.670604	64.694230	81.860870	10.421556	60.511723	-22.887165	82.807866	77.706049	-33.530775	-8.678568	-82.748225	-9.623158	35.729048	83.595410	-92.723571	-38.045649	14.969726	33.541543	32.602069	-1.820592	-17.958162	-24.127582	23.583467	31.150722	34.044986	-1.582776	36.601412	-91.407160	21.051189	
300	-27.371508	-62.231695	7.448124	-51.073336	74.903157	67.639605	-42.229555	28.600675	-32.344282	-37.831402	94.070126	-98.335668	59.070128	62.174882	-37.561768	-52.048229	5.192435	7.870254	-50.419075	41.898728	-25.402397	-94.517112	-45.751437	11.874349	7.406881	62.690445	-24.943502	-78.249970	-50.450795	-11.015417	
450	-27.371508	-62.231695	7.448124	-51.073336	74.903157	67.639605	-42.229555	28.600675	-32.344282	-37.831402	94.070126	-98.335668	59.070128	62.174882	-37.561768	-52.048229	5.192435	7.870254	-50.419075	41.898728	-25.402397	-94.517112	-45.751437	11.874349	7.406881	62.690445	-24.943502	-78.249970	-50.450795	-11.015417	
600	-23.266366	-13.390158	34.124625	-75.102682	-6.781617	67.290646	0.925901	52.220553	-0.224563	39.743529	11.982724	-27.463507	47.182332	-20.413200	36.067263	77.914156	-15.395523	-13.882476	-59.814926	77.483580	-59.067658	-13.336876	18.537230	-2.724896	9.640488	70.453284	-25.695921	-96.408135	4.899264	-11.765491	
750	-23.266366	-13.390158	34.124625	-75.102682	-6.781617	67.290646	0.925901	52.220553	-0.224563	39.743529	11.982724	-27.463507	47.182332	-20.413200	36.067263	77.914156	-15.395523	-13.882476	-59.814926	77.483580	-59.067658	-13.336876	18.537230	-2.724896	9.640488	70.453284	-25.695921	-96.408135	4.899264	-11.765491	
900	-23.266366	-13.390158	34.124625	-75.102682	-6.781617	67.290646	0.925901	52.220553	-0.224563	39.743529	11.982724	-27.463507	47.182332	-20.413200	36.067263	77.914156	-15.395523	-13.882476	-59.814926	77.483580	-59.067658	-13.336876	18.537230	-2.724896	9.640488	70.453284	-25.695921	-96.408135	4.899264	-11.765491	
1050	-23.266366	-13.390158	34.124625	-75.102682	-6.781617	67.290646	0.925901	52.220553	-0.224563	39.743529	11.982724	-27.463507	47.182332	-20.413200	36.067263	77.914156	-15.395523	-13.882476	-59.814926	77.483580	-59.067658	-13.336876	18.537230	-2.724896	9.640488	70.453284	-25.695921	-96.408135	4.899264	-11.765491	
1200	-23.266366	-13.390158	34.124625	-75.102682	-6.781617	67.290646	0.925901	52.220553	-0.224563	39.743529	11.982724	-27.463507	47.182332	-20.413200	36.067263	77.914156	-15.395523	-13.882476	-59.814926	77.483580	-59.067658	-13.336876	18.537230	-2.724896	9.640488	70.453284	-25.695921	-96.408135	4.899264	-11.765491	
1350	-58.811226	41.811511	13.752526	-52.088475	99.600977	30.249880	-31.011756	89.130795	-74.487274	-79.482427	97.292758	-46.392077	80.857306	-25.562325	36.178265	36.694060	56.545890	24.686967	62.595789	90.568723	96.819622	-9.715164	-39.978422	-10.318511	-85.844154	95.793255	-52.630390	-68.608682	-61.052521	7.617381	
1500	4.338963	35.188360	-20.815540	20.152658	76.379752	93.405526	58.233793	-27.725135	-7.145571	-31.722384	46.751849	-40.879382	-63.205215	-63.086869	-33.237400	-99.532181	52.062089	-24.789906	14.599997	92.416641	54.126291	-52.681453	5.724063	-24.845473	65.224818	53.290491	-24.438211	18.045918	-46.195423	-55.841523	
