%count	x
15	66.466370	43.047174	98.902750	99.621831	16.246023	56.775003	-76.207479	-78.439504	-96.611277	12.436712	-64.736484	-3.589047	9.218101	90.034024	51.897667	38.659770	74.169869	-6.548909	-68.652811	-49.205108	57.662884	-77.751015	36.824408	-99.627357	19.446481	-39.729028	-96.516366	76.988513	52.228178	-59.165465	
30	-22.342110	16.224868	21.516803	18.571339	92.321973	89.700278	75.342670	74.661375	21.857273	90.610144	33.935982	-82.275461	14.738234	9.924830	-38.977866	98.015877	36.847404	-22.141056	38.240007	-80.605718	-44.733811	93.450657	-93.537728	-27.498533	35.303323	71.621580	44.840261	16.998277	-90.173313	-10.701544	
45	-22.342110	16.224868	21.516803	18.571339	92.321973	89.700278	75.342670	74.661375	21.857273	90.610144	33.935982	-82.275461	14.738234	9.924830	-38.977866	98.015877	36.847404	-22.141056	38.240007	-80.605718	-44.733811	93.450657	-93.537728	-27.498533	35.303323	71.621580	44.840261	16.998277	-90.173313	-10.701544	
60	-22.342110	16.224868	21.516803	18.571339	92.321973	89.700278	75.342670	74.661375	21.857273	90.610144	33.935982	-82.275461	14.738234	9.924830	-38.977866	98.015877	36.847404	-22.141056	38.240007	-80.605718	-44.733811	93.450657	-93.537728	-27.498533	35.303323	71.621580	44.840261	16.998277	-90.173313	-10.701544	
75	-22.342110	16.224868	21.516803	18.571339	92.321973	89.700278	75.342670	74.661375	21.857273	90.610144	33.935982	-82.275461	14.738234	9.924830	-38.977866	98.015877	36.847404	-22.141056	38.240007	-80.605718	-44.733811	93.450657	-93.537728	-27.498533	35.303323	71.621580	44.840261	16.998277	-90.173313	-10.701544	
90	-22.342110	16.224868	21.516803	18.571339	92.321973	89.700278	75.342670	74.661375	21.857273	90.610144	33.935982	-82.275461	14.738234	9.924830	-38.977866	98.015877	36.847404	-22.141056	38.240007	-80.605718	-44.733811	93.450657	-93.537728	-27.498533	35.303323	71.621580	44.840261	16.998277	-90.173313	-10.701544	
105	-22.342110	16.224868	21.516803	18.571339	92.321973	89.700278	75.342670	74.661375	21.857273	90.610144	33.935982	-82.275461	14.738234	9.924830	-38.977866	98.015877	36.847404	-22.141056	38.240007	-80.605718	-44.733811	93.450657	-93.537728	-27.498533	35.303323	71.621580	44.840261	16.998277	-90.173313	-10.701544	
120	-22.342110	16.224868	21.516803	18.571339	92.321973	89.700278	75.342670	74.661375	21.857273	90.610144	33.935982	-82.275461	14.738234	9.924830	-38.977866	98.015877	36.847404	-22.141056	38.240007	-80.605718	-44.733811	93.450657	-93.537728	-27.498533	35.303323	71.621580	44.840261	16.998277	-90.173313	-10.701544	
135	-22.342110	16.224868	21.516803	18.571339	92.321973	89.700278	75.342670	74.661375	21.857273	90.610144	33.935982	-82.275461	14.738234	9.924830	-38.977866	98.015877	36.847404	-22.141056	38.240007	-80.605718	-44.733811	93.450657	-93.537728	-27.498533	35.303323	71.621580	44.840261	16.998277	-90.173313	-10.701544	
150	-22.342110	16.224868	21.516803	18.571339	92.321973	89.700278	75.342670	74.661375	21.857273	90.610144	33.935982	-82.275461	14.738234	9.924830	-38.977866	98.015877	36.847404	-22.141056	38.240007	-80.605718	-44.733811	93.450657	-93.537728	-27.498533	35.303323	71.621580	44.840261	16.998277	-90.173313	-10.701544	
300	-54.975377	63.614058	-46.782093	54.323088	14.969579	93.242181	26.377117	43.013744	-17.959598	0.930783	83.505092	-34.963505	64.515963	27.279692	57.269693	-0.298900	29.791708	51.002762	-86.238584	86.552666	-35.667584	-73.423009	3.997710	-61.190058	-30.172291	84.667377	-47.687731	-20.415320	69.001386	-74.551546	
450	-54.975377	63.614058	-46.782093	54.323088	14.969579	93.242181	26.377117	43.013744	-17.959598	0.930783	83.505092	-34.963505	64.515963	27.279692	57.269693	-0.298900	29.791708	51.002762	-86.238584	86.552666	-35.667584	-73.423009	3.997710	-61.190058	-30.172291	84.667377	-47.687731	-20.415320	69.001386	-74.551546	
600	87.859993	-66.082224	-36.566026	-99.780261	-0.787195	-31.249834	-18.300400	-21.104336	-65.166128	97.002175	93.277508	3.391775	30.114199	-88.986678	19.552592	19.536067	-18.990379	20.035051	-17.774817	2.546918	-29.490473	10.226971	-25.348949	-83.107775	61.529582	88.898406	68.864464	-10.071969	2.350132	24.730707	
750	87.859993	-66.082224	-36.566026	-99.780261	-0.787195	-31.249834	-18.300400	-21.104336	-65.166128	97.002175	93.277508	3.391775	30.114199	-88.986678	19.552592	19.536067	-18.990379	20.035051	-17.774817	2.546918	-29.490473	10.226971	-25.348949	-83.107775	61.529582	88.898406	68.864464	-10.071969	2.350132	24.730707	
900	87.859993	-66.082224	-36.566026	-99.780261	-0.787195	-31.249834	-18.300400	-21.104336	-65.166128	97.002175	93.277508	3.391775	30.114199	-88.986678	19.552592	19.536067	-18.990379	20.035051	-17.774817	2.546918	-29.490473	10.226971	-25.348949	-83.107775	61.529582	88.898406	68.864464	-10.071969	2.350132	24.730707	
1050	87.859993	-66.082224	-36.566026	-99.780261	-0.787195	-31.249834	-18.300400	-21.104336	-65.166128	97.002175	93.277508	3.391775	30.114199	-88.986678	19.552592	19.536067	-18.990379	20.035051	-17.774817	2.546918	-29.490473	10.226971	-25.348949	-83.107775	61.529582	88.898406	68.864464	-10.071969	2.350132	24.730707	
1200	87.859993	-66.082224	-36.566026	-99.780261	-0.787195	-31.249834	-18.300400	-21.104336	-65.166128	97.002175	93.277508	3.391775	30.114199	-88.986678	19.552592	19.536067	-18.990379	20.035051	-17.774817	2.546918	-29.490473	10.226971	-25.348949	-83.107775	61.529582	88.898406	68.864464	-10.071969	2.350132	24.730707	
1350	87.859993	-66.082224	-36.566026	-99.780261	-0.787195	-31.249834	-18.300400	-21.104336	-65.166128	97.002175	93.277508	3.391775	30.114199	-88.986678	19.552592	19.536067	-18.990379	20.035051	-17.774817	2.546918	-29.490473	10.226971	-25.348949	-83.107775	61.529582	88.898406	68.864464	-10.071969	2.350132	24.730707	
1500	87.859993	-66.082224	-36.566026	-99.780261	-0.787195	-31.249834	-18.300400	-21.104336	-65.166128	97.002175	93.277508	3.391775	30.114199	-88.986678	19.552592	19.536067	-18.990379	20.035051	-17.774817	2.546918	-29.490473	10.226971	-25.348949	-83.107775	61.529582	88.898406	68.864464	-10.071969	2.350132	24.730707	
