%count	x
15	56.006384	19.009038	-26.617933	86.410206	2.127094	-63.569879	55.365031	-23.476670	-17.247143	-49.114855	3.958262	-94.874017	87.220539	75.550609	43.548835	-4.465237	16.151190	36.291867	-51.325653	40.719146	35.705836	-82.598231	82.307642	2.638509	-93.965801	70.896149	30.116373	-0.020473	-63.411599	-64.648495	
30	56.006384	19.009038	-26.617933	86.410206	2.127094	-63.569879	55.365031	-23.476670	-17.247143	-49.114855	3.958262	-94.874017	87.220539	75.550609	43.548835	-4.465237	16.151190	36.291867	-51.325653	40.719146	35.705836	-82.598231	82.307642	2.638509	-93.965801	70.896149	30.116373	-0.020473	-63.411599	-64.648495	
45	56.006384	19.009038	-26.617933	86.410206	2.127094	-63.569879	55.365031	-23.476670	-17.247143	-49.114855	3.958262	-94.874017	87.220539	75.550609	43.548835	-4.465237	16.151190	36.291867	-51.325653	40.719146	35.705836	-82.598231	82.307642	2.638509	-93.965801	70.896149	30.116373	-0.020473	-63.411599	-64.648495	
60	19.599955	-44.387720	-1.697968	76.689439	-72.047584	-3.813626	-38.425705	4.306357	-16.424233	-85.587821	61.595017	-68.289738	-37.503781	-10.363814	84.542453	46.323460	-8.542391	-11.616428	-82.398549	27.640159	-29.275623	18.303700	84.116610	-56.240474	-83.199838	35.192026	-24.211565	-48.318133	-89.158550	-38.156180	
75	19.599955	-44.387720	-1.697968	76.689439	-72.047584	-3.813626	-38.425705	4.306357	-16.424233	-85.587821	61.595017	-68.289738	-37.503781	-10.363814	84.542453	46.323460	-8.542391	-11.616428	-82.398549	27.640159	-29.275623	18.303700	84.116610	-56.240474	-83.199838	35.192026	-24.211565	-48.318133	-89.158550	-38.156180	
90	19.599955	-44.387720	-1.697968	76.689439	-72.047584	-3.813626	-38.425705	4.306357	-16.424233	-85.587821	61.595017	-68.289738	-37.503781	-10.363814	84.542453	46.323460	-8.542391	-11.616428	-82.398549	27.640159	-29.275623	18.303700	84.116610	-56.240474	-83.199838	35.192026	-24.211565	-48.318133	-89.158550	-38.156180	
105	19.599955	-44.387720	-1.697968	76.689439	-72.047584	-3.813626	-38.425705	4.306357	-16.424233	-85.587821	61.595017	-68.289738	-37.503781	-10.363814	84.542453	46.323460	-8.542391	-11.616428	-82.398549	27.640159	-29.275623	18.303700	84.116610	-56.240474	-83.199838	35.192026	-24.211565	-48.318133	-89.158550	-38.156180	
120	19.599955	-44.387720	-1.697968	76.689439	-72.047584	-3.813626	-38.425705	4.306357	-16.424233	-85.587821	61.595017	-68.289738	-37.503781	-10.363814	84.542453	46.323460	-8.542391	-11.616428	-82.398549	27.640159	-29.275623	18.303700	84.116610	-56.240474	-83.199838	35.192026	-24.211565	-48.318133	-89.158550	-38.156180	
135	19.599955	-44.387720	-1.697968	76.689439	-72.047584	-3.813626	-38.425705	4.306357	-16.424233	-85.587821	61.595017	-68.289738	-37.503781	-10.363814	84.542453	46.323460	-8.542391	-11.616428	-82.398549	27.640159	-29.275623	18.303700	84.116610	-56.240474	-83.199838	35.192026	-24.211565	-48.318133	-89.158550	-38.156180	
150	19.599955	-44.387720	-1.697968	76.689439	-72.047584	-3.813626	-38.425705	4.306357	-16.424233	-85.587821	61.595017	-68.289738	-37.503781	-10.363814	84.542453	46.323460	-8.542391	-11.616428	-82.398549	27.640159	-29.275623	18.303700	84.116610	-56.240474	-83.199838	35.192026	-24.211565	-48.318133	-89.158550	-38.156180	
300	19.599955	-44.387720	-1.697968	76.689439	-72.047584	-3.813626	-38.425705	4.306357	-16.424233	-85.587821	61.595017	-68.289738	-37.503781	-10.363814	84.542453	46.323460	-8.542391	-11.616428	-82.398549	27.640159	-29.275623	18.303700	84.116610	-56.240474	-83.199838	35.192026	-24.211565	-48.318133	-89.158550	-38.156180	
450	19.599955	-44.387720	-1.697968	76.689439	-72.047584	-3.813626	-38.425705	4.306357	-16.424233	-85.587821	61.595017	-68.289738	-37.503781	-10.363814	84.542453	46.323460	-8.542391	-11.616428	-82.398549	27.640159	-29.275623	18.303700	84.116610	-56.240474	-83.199838	35.192026	-24.211565	-48.318133	-89.158550	-38.156180	
600	19.599955	-44.387720	-1.697968	76.689439	-72.047584	-3.813626	-38.425705	4.306357	-16.424233	-85.587821	61.595017	-68.289738	-37.503781	-10.363814	84.542453	46.323460	-8.542391	-11.616428	-82.398549	27.640159	-29.275623	18.303700	84.116610	-56.240474	-83.199838	35.192026	-24.211565	-48.318133	-89.158550	-38.156180	
750	19.599955	-44.387720	-1.697968	76.689439	-72.047584	-3.813626	-38.425705	4.306357	-16.424233	-85.587821	61.595017	-68.289738	-37.503781	-10.363814	84.542453	46.323460	-8.542391	-11.616428	-82.398549	27.640159	-29.275623	18.303700	84.116610	-56.240474	-83.199838	35.192026	-24.211565	-48.318133	-89.158550	-38.156180	
900	19.599955	-44.387720	-1.697968	76.689439	-72.047584	-3.813626	-38.425705	4.306357	-16.424233	-85.587821	61.595017	-68.289738	-37.503781	-10.363814	84.542453	46.323460	-8.542391	-11.616428	-82.398549	27.640159	-29.275623	18.303700	84.116610	-56.240474	-83.199838	35.192026	-24.211565	-48.318133	-89.158550	-38.156180	
1050	19.599955	-44.387720	-1.697968	76.689439	-72.047584	-3.813626	-38.425705	4.306357	-16.424233	-85.587821	61.595017	-68.289738	-37.503781	-10.363814	84.542453	46.323460	-8.542391	-11.616428	-82.398549	27.640159	-29.275623	18.303700	84.116610	-56.240474	-83.199838	35.192026	-24.211565	-48.318133	-89.158550	-38.156180	
1200	19.599955	-44.387720	-1.697968	76.689439	-72.047584	-3.813626	-38.425705	4.306357	-16.424233	-85.587821	61.595017	-68.289738	-37.503781	-10.363814	84.542453	46.323460	-8.542391	-11.616428	-82.398549	27.640159	-29.275623	18.303700	84.116610	-56.240474	-83.199838	35.192026	-24.211565	-48.318133	-89.158550	-38.156180	
1350	39.607476	52.770158	-51.894156	-21.703682	-29.366053	35.012612	-63.273911	31.702028	36.102370	88.538948	-0.984939	-59.658679	-45.819846	14.756653	56.141291	-63.188963	28.944450	3.222635	-7.915222	43.397644	-27.198505	-24.860312	-85.879769	24.539405	-42.236744	6.500652	-72.868956	25.679675	-97.865142	67.318335	
1500	50.755086	-61.220884	38.002521	94.565811	14.667009	80.583092	-36.453108	71.098997	-44.032897	76.984165	65.007534	-69.219183	61.836694	28.251046	62.426072	-29.483541	-12.687858	33.881132	-89.678379	66.359008	-80.094582	8.519006	-34.953297	-54.301186	-20.119542	48.965128	-65.146977	-50.834511	-73.483012	-44.494598	
