     % Run	                  15	                  30	                  45	                  60	                  75	                  90	                 105	                 120	                 135	                 150	                 300	                 450	                 600	                 750	                 900	                1050	                1200	                1350	                1500	
         1	        5.945689e+03	        4.470862e+03	        3.035051e+03	        3.035051e+03	        3.035051e+03	        3.035051e+03	        3.035051e+03	        3.035051e+03	        3.035051e+03	        3.035051e+03	        3.035051e+03	        3.035051e+03	        3.035051e+03	        2.421320e+03	        2.421320e+03	        2.421320e+03	        2.421320e+03	        2.421320e+03	        2.421320e+03	
         2	        4.073137e+03	        4.073137e+03	        4.073137e+03	        3.899070e+03	        3.899070e+03	        3.899070e+03	        3.899070e+03	        3.899070e+03	        3.899070e+03	        3.899070e+03	        2.809428e+03	        2.809428e+03	        2.809428e+03	        2.809428e+03	        2.809428e+03	        2.795255e+03	        2.795255e+03	        2.795255e+03	        2.795255e+03	
         3	        3.733902e+03	        3.733902e+03	        3.733902e+03	        3.733902e+03	        3.733902e+03	        3.733902e+03	        3.733902e+03	        3.628036e+03	        3.021584e+03	        3.021584e+03	        3.021584e+03	        2.763773e+03	        2.763773e+03	        2.763773e+03	        2.763773e+03	        2.763773e+03	        2.763773e+03	        2.763773e+03	        2.763773e+03	
         4	        4.092196e+03	        4.092196e+03	        4.092196e+03	        4.092196e+03	        4.092196e+03	        4.092196e+03	        4.092196e+03	        3.127614e+03	        3.127614e+03	        3.127614e+03	        3.127614e+03	        3.127614e+03	        3.127614e+03	        3.127614e+03	        3.127614e+03	        3.127614e+03	        3.127614e+03	        3.127614e+03	        3.063961e+03	
         5	        7.248787e+03	        5.894495e+03	        4.534058e+03	        3.380703e+03	        3.380703e+03	        3.380703e+03	        3.380703e+03	        3.380703e+03	        3.380703e+03	        3.380703e+03	        3.380703e+03	        3.322173e+03	        3.322173e+03	        3.322173e+03	        3.322173e+03	        3.322173e+03	        2.851826e+03	        2.851826e+03	        2.851826e+03	
         6	        4.678456e+03	        4.678456e+03	        3.988002e+03	        3.988002e+03	        3.988002e+03	        3.988002e+03	        3.988002e+03	        3.988002e+03	        3.988002e+03	        3.988002e+03	        3.233886e+03	        3.233886e+03	        3.233886e+03	        3.233886e+03	        2.891107e+03	        2.891107e+03	        2.891107e+03	        2.891107e+03	        2.891107e+03	
         7	        5.759000e+03	        5.759000e+03	        3.620757e+03	        3.620757e+03	        3.620757e+03	        3.620757e+03	        3.620757e+03	        3.620757e+03	        3.163896e+03	        3.163896e+03	        2.968368e+03	        2.968368e+03	        2.968368e+03	        2.827978e+03	        2.825307e+03	        2.825307e+03	        2.418941e+03	        2.418941e+03	        2.418941e+03	
         8	        5.600048e+03	        5.600048e+03	        4.824000e+03	        4.563128e+03	        4.563128e+03	        4.563128e+03	        4.549204e+03	        4.549204e+03	        4.549204e+03	        3.312192e+03	        3.255087e+03	        3.229509e+03	        3.212264e+03	        2.770119e+03	        2.770119e+03	        2.770119e+03	        2.770119e+03	        2.770119e+03	        2.770119e+03	
         9	        6.657214e+03	        4.628444e+03	        4.628444e+03	        3.594885e+03	        3.594885e+03	        3.594885e+03	        3.594885e+03	        3.594885e+03	        3.594885e+03	        3.594885e+03	        2.629588e+03	        2.629588e+03	        2.629588e+03	        2.629588e+03	        2.629588e+03	        2.629588e+03	        2.629588e+03	        2.629588e+03	        2.398125e+03	
        10	        6.889473e+03	        3.011032e+03	        3.011032e+03	        3.011032e+03	        3.011032e+03	        3.011032e+03	        3.011032e+03	        3.011032e+03	        3.011032e+03	        3.011032e+03	        3.011032e+03	        3.011032e+03	        3.011032e+03	        3.011032e+03	        3.011032e+03	        3.011032e+03	        2.627113e+03	        2.627113e+03	        2.627113e+03	
        11	        5.167620e+03	        4.081789e+03	        3.808329e+03	        3.808329e+03	        2.934969e+03	        2.934969e+03	        2.934969e+03	        2.934969e+03	        2.934969e+03	        2.934969e+03	        2.934969e+03	        2.934969e+03	        2.934969e+03	        2.934969e+03	        2.934969e+03	        2.934969e+03	        2.934969e+03	        2.934969e+03	        2.934969e+03	
        12	        5.191247e+03	        4.363406e+03	        3.841860e+03	        3.841860e+03	        3.841860e+03	        3.841860e+03	        3.841860e+03	        3.841860e+03	        3.841860e+03	        3.841860e+03	        3.142206e+03	        3.142206e+03	        2.694710e+03	        2.507157e+03	        2.507157e+03	        2.507157e+03	        2.507157e+03	        2.507157e+03	        2.507157e+03	
        13	        5.433547e+03	        3.488168e+03	        2.874117e+03	        2.874117e+03	        2.874117e+03	        2.874117e+03	        2.874117e+03	        2.874117e+03	        2.874117e+03	        2.874117e+03	        2.450598e+03	        2.450598e+03	        2.450598e+03	        2.450598e+03	        2.450598e+03	        2.450598e+03	        2.450598e+03	        2.450598e+03	        2.450598e+03	
        14	        4.595465e+03	        4.595465e+03	        4.359701e+03	        4.359701e+03	        4.359701e+03	        4.359701e+03	        4.359701e+03	        4.359701e+03	        3.914536e+03	        3.914536e+03	        3.018146e+03	        3.018146e+03	        3.018146e+03	        2.582117e+03	        2.582117e+03	        2.582117e+03	        2.582117e+03	        2.582117e+03	        2.582117e+03	
        15	        5.131602e+03	        4.077185e+03	        4.077185e+03	        4.077185e+03	        4.077185e+03	        4.077185e+03	        4.077185e+03	        4.077185e+03	        4.077185e+03	        3.824250e+03	        3.486416e+03	        3.486416e+03	        2.691158e+03	        2.691158e+03	        2.691158e+03	        2.691158e+03	        2.691158e+03	        2.691158e+03	        2.691158e+03	
        16	        6.803912e+03	        4.211762e+03	        4.211762e+03	        4.211762e+03	        2.871464e+03	        2.871464e+03	        2.871464e+03	        2.871464e+03	        2.871464e+03	        2.871464e+03	        2.809357e+03	        2.809357e+03	        2.809357e+03	        2.809357e+03	        2.809357e+03	        2.809357e+03	        2.809357e+03	        2.809357e+03	        2.809357e+03	
        17	        3.731364e+03	        2.791002e+03	        2.791002e+03	        2.791002e+03	        2.791002e+03	        2.791002e+03	        2.791002e+03	        2.791002e+03	        2.791002e+03	        2.791002e+03	        2.791002e+03	        2.791002e+03	        2.791002e+03	        2.709950e+03	        2.709950e+03	        2.709950e+03	        2.709950e+03	        2.709950e+03	        2.709950e+03	
        18	        5.653030e+03	        5.111998e+03	        3.246218e+03	        3.246218e+03	        3.246218e+03	        3.246218e+03	        3.246218e+03	        3.246218e+03	        3.246218e+03	        3.246218e+03	        3.246218e+03	        3.071477e+03	        3.071477e+03	        3.071477e+03	        3.071477e+03	        2.717633e+03	        2.717633e+03	        2.717633e+03	        2.717633e+03	
        19	        4.777584e+03	        4.777584e+03	        4.777584e+03	        4.777584e+03	        4.777584e+03	        4.008074e+03	        3.443959e+03	        3.443959e+03	        3.443959e+03	        3.229670e+03	        3.229670e+03	        2.861279e+03	        2.861279e+03	        2.861279e+03	        2.861279e+03	        2.861279e+03	        2.861279e+03	        2.861279e+03	        2.861279e+03	
        20	        3.250995e+03	        3.250995e+03	        3.250995e+03	        3.250995e+03	        3.250995e+03	        3.250995e+03	        3.250995e+03	        3.250995e+03	        3.250995e+03	        3.250995e+03	        3.250995e+03	        3.250995e+03	        3.250995e+03	        2.804099e+03	        2.804099e+03	        2.804099e+03	        2.804099e+03	        2.804099e+03	        2.804099e+03	
