%count	x
15	50.061181	-4.744717	-69.128041	80.543276	-11.981698	7.265945	21.215093	73.075971	90.605649	48.626196	77.882404	-79.565617	69.501817	87.763270	71.694475	-75.486812	56.393270	12.495538	-45.137138	5.302991	0.174098	72.042301	0.373735	9.876642	-55.626418	-36.988249	-56.639343	7.151642	-28.035757	85.627076	
30	4.267056	-67.674544	-45.115913	-62.509206	16.335127	32.640202	25.030745	-16.468042	-10.583449	79.402569	99.595751	69.050486	-33.996817	-23.136042	81.443231	41.864646	85.001382	81.317795	-84.617882	51.359741	-4.837283	-37.844561	-96.474767	10.031135	-88.210244	82.728178	-24.570717	-32.112469	-96.857226	-20.852692	
45	34.348359	-42.739160	16.604422	4.250071	20.964213	36.794385	-15.245904	1.523289	50.694629	98.295314	46.023445	38.860511	-52.381308	71.156619	22.901402	-19.547681	85.609870	89.021125	26.398844	24.066375	33.621399	-90.816209	-39.230740	-3.045344	-66.121633	99.588202	1.770133	15.398174	-33.009000	19.727455	
60	34.348359	-42.739160	16.604422	4.250071	20.964213	36.794385	-15.245904	1.523289	50.694629	98.295314	46.023445	38.860511	-52.381308	71.156619	22.901402	-19.547681	85.609870	89.021125	26.398844	24.066375	33.621399	-90.816209	-39.230740	-3.045344	-66.121633	99.588202	1.770133	15.398174	-33.009000	19.727455	
75	95.549906	-1.441176	-76.677672	53.099117	16.610153	38.134420	16.352271	56.936517	88.003533	-86.773401	-64.797989	30.517561	-82.469276	-82.400296	85.454795	-40.989588	-74.343299	45.484312	33.676077	-62.336884	16.634875	11.164288	21.431345	-34.276611	-24.254336	52.500163	-10.958640	-47.671589	-94.584027	44.788142	
90	-12.623540	-8.339472	47.812737	-3.384227	-85.046548	76.460886	-91.101362	37.634763	47.073043	45.490853	18.230229	-44.189711	77.043577	-44.439425	-15.855814	-79.290797	38.851871	-88.971396	-71.663876	71.374522	30.050354	56.004850	-17.771331	-89.266892	73.808031	27.429069	-57.526565	4.645110	50.968451	-95.933366	
105	21.858219	-18.316724	54.882555	37.668438	8.634114	-49.875926	43.170854	44.481795	62.076864	13.517811	-5.600619	-38.428124	-12.871889	13.581361	-46.124058	-45.781995	96.515288	-15.469579	34.768094	53.838837	26.567953	27.021540	-23.659156	27.674808	-32.999754	86.552406	-95.457536	-22.868657	-6.245748	59.272213	
120	21.858219	-18.316724	54.882555	37.668438	8.634114	-49.875926	43.170854	44.481795	62.076864	13.517811	-5.600619	-38.428124	-12.871889	13.581361	-46.124058	-45.781995	96.515288	-15.469579	34.768094	53.838837	26.567953	27.021540	-23.659156	27.674808	-32.999754	86.552406	-95.457536	-22.868657	-6.245748	59.272213	
135	21.858219	-18.316724	54.882555	37.668438	8.634114	-49.875926	43.170854	44.481795	62.076864	13.517811	-5.600619	-38.428124	-12.871889	13.581361	-46.124058	-45.781995	96.515288	-15.469579	34.768094	53.838837	26.567953	27.021540	-23.659156	27.674808	-32.999754	86.552406	-95.457536	-22.868657	-6.245748	59.272213	
150	21.858219	-18.316724	54.882555	37.668438	8.634114	-49.875926	43.170854	44.481795	62.076864	13.517811	-5.600619	-38.428124	-12.871889	13.581361	-46.124058	-45.781995	96.515288	-15.469579	34.768094	53.838837	26.567953	27.021540	-23.659156	27.674808	-32.999754	86.552406	-95.457536	-22.868657	-6.245748	59.272213	
300	21.858219	-18.316724	54.882555	37.668438	8.634114	-49.875926	43.170854	44.481795	62.076864	13.517811	-5.600619	-38.428124	-12.871889	13.581361	-46.124058	-45.781995	96.515288	-15.469579	34.768094	53.838837	26.567953	27.021540	-23.659156	27.674808	-32.999754	86.552406	-95.457536	-22.868657	-6.245748	59.272213	
450	64.643680	-84.283542	26.919321	-38.954983	80.867180	52.787236	56.234881	72.651288	-36.416508	54.184378	91.790188	-3.981860	-47.368455	-6.484004	88.839275	34.415901	-13.453200	-56.727275	-55.861225	70.648504	50.911003	-17.839903	-69.287397	-60.818598	43.266361	66.711590	-39.957996	50.633968	-68.921916	-22.762549	
600	-6.288276	36.068423	99.221556	-77.290764	-35.332015	31.812762	-34.903120	7.139879	-52.975818	-24.862782	-37.730152	-18.837007	6.829235	-20.149835	56.998013	-40.170276	-34.973186	89.409810	24.370754	11.095556	94.830775	53.951281	21.218513	-65.871464	28.194829	72.547138	-58.218485	-26.698956	7.097465	-90.629834	
750	25.622439	-69.707267	16.390536	-83.845208	-11.301532	65.923523	-3.697504	33.525302	21.371632	-18.751750	-33.217124	-39.175997	46.236561	-13.497706	64.362211	-67.918187	63.769184	-59.458404	-66.831079	8.174251	2.503809	18.198919	4.427606	-58.578349	-94.434471	53.487400	-71.323636	-42.561737	-33.047120	-67.956445	
900	25.622439	-69.707267	16.390536	-83.845208	-11.301532	65.923523	-3.697504	33.525302	21.371632	-18.751750	-33.217124	-39.175997	46.236561	-13.497706	64.362211	-67.918187	63.769184	-59.458404	-66.831079	8.174251	2.503809	18.198919	4.427606	-58.578349	-94.434471	53.487400	-71.323636	-42.561737	-33.047120	-67.956445	
1050	25.622439	-69.707267	16.390536	-83.845208	-11.301532	65.923523	-3.697504	33.525302	21.371632	-18.751750	-33.217124	-39.175997	46.236561	-13.497706	64.362211	-67.918187	63.769184	-59.458404	-66.831079	8.174251	2.503809	18.198919	4.427606	-58.578349	-94.434471	53.487400	-71.323636	-42.561737	-33.047120	-67.956445	
1200	25.622439	-69.707267	16.390536	-83.845208	-11.301532	65.923523	-3.697504	33.525302	21.371632	-18.751750	-33.217124	-39.175997	46.236561	-13.497706	64.362211	-67.918187	63.769184	-59.458404	-66.831079	8.174251	2.503809	18.198919	4.427606	-58.578349	-94.434471	53.487400	-71.323636	-42.561737	-33.047120	-67.956445	
1350	25.622439	-69.707267	16.390536	-83.845208	-11.301532	65.923523	-3.697504	33.525302	21.371632	-18.751750	-33.217124	-39.175997	46.236561	-13.497706	64.362211	-67.918187	63.769184	-59.458404	-66.831079	8.174251	2.503809	18.198919	4.427606	-58.578349	-94.434471	53.487400	-71.323636	-42.561737	-33.047120	-67.956445	
1500	25.622439	-69.707267	16.390536	-83.845208	-11.301532	65.923523	-3.697504	33.525302	21.371632	-18.751750	-33.217124	-39.175997	46.236561	-13.497706	64.362211	-67.918187	63.769184	-59.458404	-66.831079	8.174251	2.503809	18.198919	4.427606	-58.578349	-94.434471	53.487400	-71.323636	-42.561737	-33.047120	-67.956445	
