%count	x
15	13.059309	51.259235	69.463053	42.762251	-1.163644	9.183074	-8.598314	-2.854574	-62.889947	87.696185	-27.555316	-98.200386	-86.121362	7.535056	86.364299	41.769239	-24.234912	56.218837	49.466504	72.257518	-2.628566	-27.471956	-5.003683	-54.207572	-22.319568	-84.084687	-98.616000	-75.344710	44.138516	-25.650928	
30	18.510258	-80.209849	-22.822139	17.596656	56.589923	-26.279902	-22.735879	-15.172162	-16.094998	53.049931	-48.299478	-36.009327	43.706573	-93.459715	-2.321175	48.625658	63.167593	-60.748749	-70.947159	35.166300	77.427479	23.224630	87.374602	40.341034	-40.823497	7.041410	23.980587	11.879716	-5.274964	-42.366296	
45	18.510258	-80.209849	-22.822139	17.596656	56.589923	-26.279902	-22.735879	-15.172162	-16.094998	53.049931	-48.299478	-36.009327	43.706573	-93.459715	-2.321175	48.625658	63.167593	-60.748749	-70.947159	35.166300	77.427479	23.224630	87.374602	40.341034	-40.823497	7.041410	23.980587	11.879716	-5.274964	-42.366296	
60	18.510258	-80.209849	-22.822139	17.596656	56.589923	-26.279902	-22.735879	-15.172162	-16.094998	53.049931	-48.299478	-36.009327	43.706573	-93.459715	-2.321175	48.625658	63.167593	-60.748749	-70.947159	35.166300	77.427479	23.224630	87.374602	40.341034	-40.823497	7.041410	23.980587	11.879716	-5.274964	-42.366296	
75	32.938072	48.900220	-36.781548	-57.618568	-91.406258	-77.372932	-6.579723	15.335477	-34.888781	38.573249	22.167464	61.365858	-46.329938	33.526978	-16.571287	14.082283	66.883696	-53.803554	25.311863	-69.758462	-66.165049	-41.044811	-31.418445	-38.110597	48.805731	-65.076633	-23.560113	1.089522	37.539838	-54.437202	
90	32.938072	48.900220	-36.781548	-57.618568	-91.406258	-77.372932	-6.579723	15.335477	-34.888781	38.573249	22.167464	61.365858	-46.329938	33.526978	-16.571287	14.082283	66.883696	-53.803554	25.311863	-69.758462	-66.165049	-41.044811	-31.418445	-38.110597	48.805731	-65.076633	-23.560113	1.089522	37.539838	-54.437202	
105	32.938072	48.900220	-36.781548	-57.618568	-91.406258	-77.372932	-6.579723	15.335477	-34.888781	38.573249	22.167464	61.365858	-46.329938	33.526978	-16.571287	14.082283	66.883696	-53.803554	25.311863	-69.758462	-66.165049	-41.044811	-31.418445	-38.110597	48.805731	-65.076633	-23.560113	1.089522	37.539838	-54.437202	
120	32.938072	48.900220	-36.781548	-57.618568	-91.406258	-77.372932	-6.579723	15.335477	-34.888781	38.573249	22.167464	61.365858	-46.329938	33.526978	-16.571287	14.082283	66.883696	-53.803554	25.311863	-69.758462	-66.165049	-41.044811	-31.418445	-38.110597	48.805731	-65.076633	-23.560113	1.089522	37.539838	-54.437202	
135	32.938072	48.900220	-36.781548	-57.618568	-91.406258	-77.372932	-6.579723	15.335477	-34.888781	38.573249	22.167464	61.365858	-46.329938	33.526978	-16.571287	14.082283	66.883696	-53.803554	25.311863	-69.758462	-66.165049	-41.044811	-31.418445	-38.110597	48.805731	-65.076633	-23.560113	1.089522	37.539838	-54.437202	
150	32.938072	48.900220	-36.781548	-57.618568	-91.406258	-77.372932	-6.579723	15.335477	-34.888781	38.573249	22.167464	61.365858	-46.329938	33.526978	-16.571287	14.082283	66.883696	-53.803554	25.311863	-69.758462	-66.165049	-41.044811	-31.418445	-38.110597	48.805731	-65.076633	-23.560113	1.089522	37.539838	-54.437202	
300	3.153351	-59.630826	39.357388	-12.259370	-24.239655	66.766741	-41.912133	-6.911140	-82.032853	31.716432	-76.411853	25.974172	-32.669655	1.145316	-33.390288	-20.655752	-62.072644	72.365459	1.490215	-35.602459	-5.617760	36.999853	78.337513	28.079053	60.566844	-65.431114	-13.933617	-42.843846	-57.450978	-68.693982	
450	3.153351	-59.630826	39.357388	-12.259370	-24.239655	66.766741	-41.912133	-6.911140	-82.032853	31.716432	-76.411853	25.974172	-32.669655	1.145316	-33.390288	-20.655752	-62.072644	72.365459	1.490215	-35.602459	-5.617760	36.999853	78.337513	28.079053	60.566844	-65.431114	-13.933617	-42.843846	-57.450978	-68.693982	
600	3.153351	-59.630826	39.357388	-12.259370	-24.239655	66.766741	-41.912133	-6.911140	-82.032853	31.716432	-76.411853	25.974172	-32.669655	1.145316	-33.390288	-20.655752	-62.072644	72.365459	1.490215	-35.602459	-5.617760	36.999853	78.337513	28.079053	60.566844	-65.431114	-13.933617	-42.843846	-57.450978	-68.693982	
750	3.153351	-59.630826	39.357388	-12.259370	-24.239655	66.766741	-41.912133	-6.911140	-82.032853	31.716432	-76.411853	25.974172	-32.669655	1.145316	-33.390288	-20.655752	-62.072644	72.365459	1.490215	-35.602459	-5.617760	36.999853	78.337513	28.079053	60.566844	-65.431114	-13.933617	-42.843846	-57.450978	-68.693982	
900	3.153351	-59.630826	39.357388	-12.259370	-24.239655	66.766741	-41.912133	-6.911140	-82.032853	31.716432	-76.411853	25.974172	-32.669655	1.145316	-33.390288	-20.655752	-62.072644	72.365459	1.490215	-35.602459	-5.617760	36.999853	78.337513	28.079053	60.566844	-65.431114	-13.933617	-42.843846	-57.450978	-68.693982	
1050	3.153351	-59.630826	39.357388	-12.259370	-24.239655	66.766741	-41.912133	-6.911140	-82.032853	31.716432	-76.411853	25.974172	-32.669655	1.145316	-33.390288	-20.655752	-62.072644	72.365459	1.490215	-35.602459	-5.617760	36.999853	78.337513	28.079053	60.566844	-65.431114	-13.933617	-42.843846	-57.450978	-68.693982	
1200	3.153351	-59.630826	39.357388	-12.259370	-24.239655	66.766741	-41.912133	-6.911140	-82.032853	31.716432	-76.411853	25.974172	-32.669655	1.145316	-33.390288	-20.655752	-62.072644	72.365459	1.490215	-35.602459	-5.617760	36.999853	78.337513	28.079053	60.566844	-65.431114	-13.933617	-42.843846	-57.450978	-68.693982	
1350	3.153351	-59.630826	39.357388	-12.259370	-24.239655	66.766741	-41.912133	-6.911140	-82.032853	31.716432	-76.411853	25.974172	-32.669655	1.145316	-33.390288	-20.655752	-62.072644	72.365459	1.490215	-35.602459	-5.617760	36.999853	78.337513	28.079053	60.566844	-65.431114	-13.933617	-42.843846	-57.450978	-68.693982	
1500	3.153351	-59.630826	39.357388	-12.259370	-24.239655	66.766741	-41.912133	-6.911140	-82.032853	31.716432	-76.411853	25.974172	-32.669655	1.145316	-33.390288	-20.655752	-62.072644	72.365459	1.490215	-35.602459	-5.617760	36.999853	78.337513	28.079053	60.566844	-65.431114	-13.933617	-42.843846	-57.450978	-68.693982	
