%count	x
15	-23.730513	58.520090	64.164261	-10.953419	-17.883787	-13.152934	65.219803	35.451131	40.272932	55.759264	-17.256586	62.699597	95.102935	-37.502695	61.571533	5.385930	-15.502562	-45.156212	-69.350885	81.760427	-74.395473	-21.441564	-83.334801	-96.670847	-49.798259	69.594414	85.238529	69.676849	57.711964	15.510423	
30	-23.730513	58.520090	64.164261	-10.953419	-17.883787	-13.152934	65.219803	35.451131	40.272932	55.759264	-17.256586	62.699597	95.102935	-37.502695	61.571533	5.385930	-15.502562	-45.156212	-69.350885	81.760427	-74.395473	-21.441564	-83.334801	-96.670847	-49.798259	69.594414	85.238529	69.676849	57.711964	15.510423	
45	17.906087	-99.820475	27.521265	-50.938062	-56.974328	-28.121565	42.831705	-6.046676	71.537167	69.239757	19.160387	98.948813	71.980917	-93.218892	-60.415564	86.902818	78.569425	2.039787	29.264652	55.028193	-39.363801	-16.664842	-23.055615	12.638411	32.485956	7.784590	-94.935075	-63.246389	-7.671689	-35.573447	
60	-36.340568	-88.763050	50.048357	-30.676219	-96.383715	49.329424	40.278962	29.819986	4.797134	22.619430	76.358253	91.765927	8.347994	-68.310145	-59.781682	36.457328	-65.227868	98.750769	38.418490	-65.689753	71.554588	-9.899315	-5.504709	87.506138	46.622422	-22.956964	13.001691	66.492413	46.865297	1.789242	
75	-36.340568	-88.763050	50.048357	-30.676219	-96.383715	49.329424	40.278962	29.819986	4.797134	22.619430	76.358253	91.765927	8.347994	-68.310145	-59.781682	36.457328	-65.227868	98.750769	38.418490	-65.689753	71.554588	-9.899315	-5.504709	87.506138	46.622422	-22.956964	13.001691	66.492413	46.865297	1.789242	
90	-36.340568	-88.763050	50.048357	-30.676219	-96.383715	49.329424	40.278962	29.819986	4.797134	22.619430	76.358253	91.765927	8.347994	-68.310145	-59.781682	36.457328	-65.227868	98.750769	38.418490	-65.689753	71.554588	-9.899315	-5.504709	87.506138	46.622422	-22.956964	13.001691	66.492413	46.865297	1.789242	
105	-36.340568	-88.763050	50.048357	-30.676219	-96.383715	49.329424	40.278962	29.819986	4.797134	22.619430	76.358253	91.765927	8.347994	-68.310145	-59.781682	36.457328	-65.227868	98.750769	38.418490	-65.689753	71.554588	-9.899315	-5.504709	87.506138	46.622422	-22.956964	13.001691	66.492413	46.865297	1.789242	
120	-4.673640	50.540013	-90.890824	65.058731	-52.109117	0.714025	32.481171	67.715583	63.131556	11.595436	56.728526	23.342164	-59.639632	68.614279	-78.948381	-12.685564	-97.990321	-52.513102	77.225561	-74.535478	-1.697222	-27.405969	25.077283	1.720357	99.880411	-49.394103	-47.545972	58.943476	20.935524	98.842724	
135	-4.673640	50.540013	-90.890824	65.058731	-52.109117	0.714025	32.481171	67.715583	63.131556	11.595436	56.728526	23.342164	-59.639632	68.614279	-78.948381	-12.685564	-97.990321	-52.513102	77.225561	-74.535478	-1.697222	-27.405969	25.077283	1.720357	99.880411	-49.394103	-47.545972	58.943476	20.935524	98.842724	
150	-4.673640	50.540013	-90.890824	65.058731	-52.109117	0.714025	32.481171	67.715583	63.131556	11.595436	56.728526	23.342164	-59.639632	68.614279	-78.948381	-12.685564	-97.990321	-52.513102	77.225561	-74.535478	-1.697222	-27.405969	25.077283	1.720357	99.880411	-49.394103	-47.545972	58.943476	20.935524	98.842724	
300	-4.673640	50.540013	-90.890824	65.058731	-52.109117	0.714025	32.481171	67.715583	63.131556	11.595436	56.728526	23.342164	-59.639632	68.614279	-78.948381	-12.685564	-97.990321	-52.513102	77.225561	-74.535478	-1.697222	-27.405969	25.077283	1.720357	99.880411	-49.394103	-47.545972	58.943476	20.935524	98.842724	
450	-4.673640	50.540013	-90.890824	65.058731	-52.109117	0.714025	32.481171	67.715583	63.131556	11.595436	56.728526	23.342164	-59.639632	68.614279	-78.948381	-12.685564	-97.990321	-52.513102	77.225561	-74.535478	-1.697222	-27.405969	25.077283	1.720357	99.880411	-49.394103	-47.545972	58.943476	20.935524	98.842724	
600	-4.673640	50.540013	-90.890824	65.058731	-52.109117	0.714025	32.481171	67.715583	63.131556	11.595436	56.728526	23.342164	-59.639632	68.614279	-78.948381	-12.685564	-97.990321	-52.513102	77.225561	-74.535478	-1.697222	-27.405969	25.077283	1.720357	99.880411	-49.394103	-47.545972	58.943476	20.935524	98.842724	
750	83.033176	6.706265	-44.991961	-53.895407	-98.683908	-27.215650	62.224730	27.767335	-64.229384	-96.815732	-64.838024	61.418382	-90.462820	-60.131103	38.067158	46.602116	40.463531	1.783942	8.442722	76.494942	-84.146048	86.514343	88.093708	-36.256120	10.069675	-5.336667	-37.509174	38.295985	9.008328	-25.675870	
900	88.871492	-96.028245	-4.940808	-38.482243	-21.105012	75.445520	-86.325475	-17.597963	97.151245	-94.177642	-23.322113	5.464965	86.158099	-82.337357	89.239223	8.274572	-38.407627	-18.181369	95.185124	64.221413	-89.023488	51.780060	24.608555	21.071836	14.321833	-9.280006	-20.973144	-84.889770	-92.537716	-73.038837	
1050	88.871492	-96.028245	-4.940808	-38.482243	-21.105012	75.445520	-86.325475	-17.597963	97.151245	-94.177642	-23.322113	5.464965	86.158099	-82.337357	89.239223	8.274572	-38.407627	-18.181369	95.185124	64.221413	-89.023488	51.780060	24.608555	21.071836	14.321833	-9.280006	-20.973144	-84.889770	-92.537716	-73.038837	
1200	88.871492	-96.028245	-4.940808	-38.482243	-21.105012	75.445520	-86.325475	-17.597963	97.151245	-94.177642	-23.322113	5.464965	86.158099	-82.337357	89.239223	8.274572	-38.407627	-18.181369	95.185124	64.221413	-89.023488	51.780060	24.608555	21.071836	14.321833	-9.280006	-20.973144	-84.889770	-92.537716	-73.038837	
1350	88.871492	-96.028245	-4.940808	-38.482243	-21.105012	75.445520	-86.325475	-17.597963	97.151245	-94.177642	-23.322113	5.464965	86.158099	-82.337357	89.239223	8.274572	-38.407627	-18.181369	95.185124	64.221413	-89.023488	51.780060	24.608555	21.071836	14.321833	-9.280006	-20.973144	-84.889770	-92.537716	-73.038837	
1500	88.871492	-96.028245	-4.940808	-38.482243	-21.105012	75.445520	-86.325475	-17.597963	97.151245	-94.177642	-23.322113	5.464965	86.158099	-82.337357	89.239223	8.274572	-38.407627	-18.181369	95.185124	64.221413	-89.023488	51.780060	24.608555	21.071836	14.321833	-9.280006	-20.973144	-84.889770	-92.537716	-73.038837	
