%count	x
15	96.302545	5.441299	12.815145	-33.513399	-98.059691	85.988545	68.708783	-56.065755	-90.733613	42.797709	38.730705	-17.352925	-35.604907	61.266744	66.104094	77.289626	54.257561	-6.294578	-41.520702	-56.170267	26.113732	-32.011438	12.654450	49.443935	-6.556422	21.678551	85.767950	-18.852140	-54.005851	24.425001	
30	92.591739	24.203523	-79.899211	-68.519713	-27.534783	49.640961	91.994188	-62.390624	91.895594	-69.959490	80.483663	0.059776	99.668565	2.968780	62.332270	-52.158216	-7.975457	-80.852829	-57.769536	97.593317	61.622705	-63.687471	-33.436695	-28.208509	-25.904522	91.768763	-67.793741	89.466352	-13.364069	-50.400740	
45	92.591739	24.203523	-79.899211	-68.519713	-27.534783	49.640961	91.994188	-62.390624	91.895594	-69.959490	80.483663	0.059776	99.668565	2.968780	62.332270	-52.158216	-7.975457	-80.852829	-57.769536	97.593317	61.622705	-63.687471	-33.436695	-28.208509	-25.904522	91.768763	-67.793741	89.466352	-13.364069	-50.400740	
60	92.591739	24.203523	-79.899211	-68.519713	-27.534783	49.640961	91.994188	-62.390624	91.895594	-69.959490	80.483663	0.059776	99.668565	2.968780	62.332270	-52.158216	-7.975457	-80.852829	-57.769536	97.593317	61.622705	-63.687471	-33.436695	-28.208509	-25.904522	91.768763	-67.793741	89.466352	-13.364069	-50.400740	
75	92.591739	24.203523	-79.899211	-68.519713	-27.534783	49.640961	91.994188	-62.390624	91.895594	-69.959490	80.483663	0.059776	99.668565	2.968780	62.332270	-52.158216	-7.975457	-80.852829	-57.769536	97.593317	61.622705	-63.687471	-33.436695	-28.208509	-25.904522	91.768763	-67.793741	89.466352	-13.364069	-50.400740	
90	92.591739	24.203523	-79.899211	-68.519713	-27.534783	49.640961	91.994188	-62.390624	91.895594	-69.959490	80.483663	0.059776	99.668565	2.968780	62.332270	-52.158216	-7.975457	-80.852829	-57.769536	97.593317	61.622705	-63.687471	-33.436695	-28.208509	-25.904522	91.768763	-67.793741	89.466352	-13.364069	-50.400740	
105	92.591739	24.203523	-79.899211	-68.519713	-27.534783	49.640961	91.994188	-62.390624	91.895594	-69.959490	80.483663	0.059776	99.668565	2.968780	62.332270	-52.158216	-7.975457	-80.852829	-57.769536	97.593317	61.622705	-63.687471	-33.436695	-28.208509	-25.904522	91.768763	-67.793741	89.466352	-13.364069	-50.400740	
120	92.591739	24.203523	-79.899211	-68.519713	-27.534783	49.640961	91.994188	-62.390624	91.895594	-69.959490	80.483663	0.059776	99.668565	2.968780	62.332270	-52.158216	-7.975457	-80.852829	-57.769536	97.593317	61.622705	-63.687471	-33.436695	-28.208509	-25.904522	91.768763	-67.793741	89.466352	-13.364069	-50.400740	
135	92.591739	24.203523	-79.899211	-68.519713	-27.534783	49.640961	91.994188	-62.390624	91.895594	-69.959490	80.483663	0.059776	99.668565	2.968780	62.332270	-52.158216	-7.975457	-80.852829	-57.769536	97.593317	61.622705	-63.687471	-33.436695	-28.208509	-25.904522	91.768763	-67.793741	89.466352	-13.364069	-50.400740	
150	92.591739	24.203523	-79.899211	-68.519713	-27.534783	49.640961	91.994188	-62.390624	91.895594	-69.959490	80.483663	0.059776	99.668565	2.968780	62.332270	-52.158216	-7.975457	-80.852829	-57.769536	97.593317	61.622705	-63.687471	-33.436695	-28.208509	-25.904522	91.768763	-67.793741	89.466352	-13.364069	-50.400740	
300	-90.218428	27.888112	-44.842482	22.031866	-17.327847	98.845490	-33.194070	-58.516987	48.708066	-68.982278	44.565196	-16.543073	38.632176	86.979426	44.784864	50.761910	82.539845	22.345626	18.690995	-28.988620	42.359234	-20.687753	-8.815138	9.474502	22.339421	-54.300291	-63.973909	54.616993	-92.828914	56.397078	
450	-96.741183	-77.793707	-38.397330	-99.838092	71.286843	-99.632042	70.275015	75.874095	-45.513274	83.096591	41.099848	44.142293	-93.668286	30.912835	13.572181	97.369084	-13.902582	-31.841526	-66.806010	95.945714	16.263591	32.891288	45.674440	54.416585	-96.122193	82.646188	-26.008429	-65.407470	-49.483440	-50.313669	
600	-96.741183	-77.793707	-38.397330	-99.838092	71.286843	-99.632042	70.275015	75.874095	-45.513274	83.096591	41.099848	44.142293	-93.668286	30.912835	13.572181	97.369084	-13.902582	-31.841526	-66.806010	95.945714	16.263591	32.891288	45.674440	54.416585	-96.122193	82.646188	-26.008429	-65.407470	-49.483440	-50.313669	
750	-96.741183	-77.793707	-38.397330	-99.838092	71.286843	-99.632042	70.275015	75.874095	-45.513274	83.096591	41.099848	44.142293	-93.668286	30.912835	13.572181	97.369084	-13.902582	-31.841526	-66.806010	95.945714	16.263591	32.891288	45.674440	54.416585	-96.122193	82.646188	-26.008429	-65.407470	-49.483440	-50.313669	
900	-96.741183	-77.793707	-38.397330	-99.838092	71.286843	-99.632042	70.275015	75.874095	-45.513274	83.096591	41.099848	44.142293	-93.668286	30.912835	13.572181	97.369084	-13.902582	-31.841526	-66.806010	95.945714	16.263591	32.891288	45.674440	54.416585	-96.122193	82.646188	-26.008429	-65.407470	-49.483440	-50.313669	
1050	11.168061	65.767745	-15.499696	80.363621	22.202051	74.563637	35.481439	38.630218	-72.465353	52.539593	73.239436	-22.965925	32.264190	55.258181	36.757191	-20.401396	-16.284770	-28.649569	-70.307217	63.748472	-16.835765	65.196746	-58.455385	-22.985494	28.587800	34.323372	12.976160	91.726503	71.914662	-80.262925	
1200	11.168061	65.767745	-15.499696	80.363621	22.202051	74.563637	35.481439	38.630218	-72.465353	52.539593	73.239436	-22.965925	32.264190	55.258181	36.757191	-20.401396	-16.284770	-28.649569	-70.307217	63.748472	-16.835765	65.196746	-58.455385	-22.985494	28.587800	34.323372	12.976160	91.726503	71.914662	-80.262925	
1350	11.168061	65.767745	-15.499696	80.363621	22.202051	74.563637	35.481439	38.630218	-72.465353	52.539593	73.239436	-22.965925	32.264190	55.258181	36.757191	-20.401396	-16.284770	-28.649569	-70.307217	63.748472	-16.835765	65.196746	-58.455385	-22.985494	28.587800	34.323372	12.976160	91.726503	71.914662	-80.262925	
1500	32.091083	-81.248790	60.055641	68.863894	-45.610999	82.247472	82.450140	87.416990	49.182434	50.629055	93.595213	-94.507518	48.666956	-0.258044	43.902950	-90.644028	-57.352307	95.586850	10.047436	-43.850155	33.011664	2.116579	12.881730	42.048609	67.503194	73.469781	93.632617	-37.428589	21.291215	59.904063	
