%count	x
15	-63.618680	58.717030	65.131101	58.349796	29.782768	39.463927	-7.252801	-19.262675	55.553542	1.285842	-23.461046	95.540104	43.760955	99.906700	61.495335	-1.332963	-38.001841	84.028790	70.408498	-33.214779	-98.988482	87.882447	10.457015	-79.752828	-41.079502	65.067627	-50.359424	77.315720	-69.367546	-8.294560	
30	-63.618680	58.717030	65.131101	58.349796	29.782768	39.463927	-7.252801	-19.262675	55.553542	1.285842	-23.461046	95.540104	43.760955	99.906700	61.495335	-1.332963	-38.001841	84.028790	70.408498	-33.214779	-98.988482	87.882447	10.457015	-79.752828	-41.079502	65.067627	-50.359424	77.315720	-69.367546	-8.294560	
45	-63.618680	58.717030	65.131101	58.349796	29.782768	39.463927	-7.252801	-19.262675	55.553542	1.285842	-23.461046	95.540104	43.760955	99.906700	61.495335	-1.332963	-38.001841	84.028790	70.408498	-33.214779	-98.988482	87.882447	10.457015	-79.752828	-41.079502	65.067627	-50.359424	77.315720	-69.367546	-8.294560	
60	-63.618680	58.717030	65.131101	58.349796	29.782768	39.463927	-7.252801	-19.262675	55.553542	1.285842	-23.461046	95.540104	43.760955	99.906700	61.495335	-1.332963	-38.001841	84.028790	70.408498	-33.214779	-98.988482	87.882447	10.457015	-79.752828	-41.079502	65.067627	-50.359424	77.315720	-69.367546	-8.294560	
75	-63.618680	58.717030	65.131101	58.349796	29.782768	39.463927	-7.252801	-19.262675	55.553542	1.285842	-23.461046	95.540104	43.760955	99.906700	61.495335	-1.332963	-38.001841	84.028790	70.408498	-33.214779	-98.988482	87.882447	10.457015	-79.752828	-41.079502	65.067627	-50.359424	77.315720	-69.367546	-8.294560	
90	-63.618680	58.717030	65.131101	58.349796	29.782768	39.463927	-7.252801	-19.262675	55.553542	1.285842	-23.461046	95.540104	43.760955	99.906700	61.495335	-1.332963	-38.001841	84.028790	70.408498	-33.214779	-98.988482	87.882447	10.457015	-79.752828	-41.079502	65.067627	-50.359424	77.315720	-69.367546	-8.294560	
105	-63.618680	58.717030	65.131101	58.349796	29.782768	39.463927	-7.252801	-19.262675	55.553542	1.285842	-23.461046	95.540104	43.760955	99.906700	61.495335	-1.332963	-38.001841	84.028790	70.408498	-33.214779	-98.988482	87.882447	10.457015	-79.752828	-41.079502	65.067627	-50.359424	77.315720	-69.367546	-8.294560	
120	-63.618680	58.717030	65.131101	58.349796	29.782768	39.463927	-7.252801	-19.262675	55.553542	1.285842	-23.461046	95.540104	43.760955	99.906700	61.495335	-1.332963	-38.001841	84.028790	70.408498	-33.214779	-98.988482	87.882447	10.457015	-79.752828	-41.079502	65.067627	-50.359424	77.315720	-69.367546	-8.294560	
135	-63.618680	58.717030	65.131101	58.349796	29.782768	39.463927	-7.252801	-19.262675	55.553542	1.285842	-23.461046	95.540104	43.760955	99.906700	61.495335	-1.332963	-38.001841	84.028790	70.408498	-33.214779	-98.988482	87.882447	10.457015	-79.752828	-41.079502	65.067627	-50.359424	77.315720	-69.367546	-8.294560	
150	-63.618680	58.717030	65.131101	58.349796	29.782768	39.463927	-7.252801	-19.262675	55.553542	1.285842	-23.461046	95.540104	43.760955	99.906700	61.495335	-1.332963	-38.001841	84.028790	70.408498	-33.214779	-98.988482	87.882447	10.457015	-79.752828	-41.079502	65.067627	-50.359424	77.315720	-69.367546	-8.294560	
300	-63.618680	58.717030	65.131101	58.349796	29.782768	39.463927	-7.252801	-19.262675	55.553542	1.285842	-23.461046	95.540104	43.760955	99.906700	61.495335	-1.332963	-38.001841	84.028790	70.408498	-33.214779	-98.988482	87.882447	10.457015	-79.752828	-41.079502	65.067627	-50.359424	77.315720	-69.367546	-8.294560	
450	-63.618680	58.717030	65.131101	58.349796	29.782768	39.463927	-7.252801	-19.262675	55.553542	1.285842	-23.461046	95.540104	43.760955	99.906700	61.495335	-1.332963	-38.001841	84.028790	70.408498	-33.214779	-98.988482	87.882447	10.457015	-79.752828	-41.079502	65.067627	-50.359424	77.315720	-69.367546	-8.294560	
600	-63.618680	58.717030	65.131101	58.349796	29.782768	39.463927	-7.252801	-19.262675	55.553542	1.285842	-23.461046	95.540104	43.760955	99.906700	61.495335	-1.332963	-38.001841	84.028790	70.408498	-33.214779	-98.988482	87.882447	10.457015	-79.752828	-41.079502	65.067627	-50.359424	77.315720	-69.367546	-8.294560	
750	-63.618680	58.717030	65.131101	58.349796	29.782768	39.463927	-7.252801	-19.262675	55.553542	1.285842	-23.461046	95.540104	43.760955	99.906700	61.495335	-1.332963	-38.001841	84.028790	70.408498	-33.214779	-98.988482	87.882447	10.457015	-79.752828	-41.079502	65.067627	-50.359424	77.315720	-69.367546	-8.294560	
900	-63.618680	58.717030	65.131101	58.349796	29.782768	39.463927	-7.252801	-19.262675	55.553542	1.285842	-23.461046	95.540104	43.760955	99.906700	61.495335	-1.332963	-38.001841	84.028790	70.408498	-33.214779	-98.988482	87.882447	10.457015	-79.752828	-41.079502	65.067627	-50.359424	77.315720	-69.367546	-8.294560	
1050	-63.618680	58.717030	65.131101	58.349796	29.782768	39.463927	-7.252801	-19.262675	55.553542	1.285842	-23.461046	95.540104	43.760955	99.906700	61.495335	-1.332963	-38.001841	84.028790	70.408498	-33.214779	-98.988482	87.882447	10.457015	-79.752828	-41.079502	65.067627	-50.359424	77.315720	-69.367546	-8.294560	
1200	-63.618680	58.717030	65.131101	58.349796	29.782768	39.463927	-7.252801	-19.262675	55.553542	1.285842	-23.461046	95.540104	43.760955	99.906700	61.495335	-1.332963	-38.001841	84.028790	70.408498	-33.214779	-98.988482	87.882447	10.457015	-79.752828	-41.079502	65.067627	-50.359424	77.315720	-69.367546	-8.294560	
1350	6.897043	6.859889	86.929358	36.949989	28.713908	10.243396	-74.319025	-12.935830	21.529468	-26.556001	2.229553	35.418184	-45.482730	18.611406	-23.811380	-49.582708	-26.748762	71.998693	64.969547	-34.473938	-55.394572	-22.819686	-58.158511	-54.770371	-40.247772	13.752339	-32.684926	-49.349990	-9.478714	24.962498	
1500	-12.504717	78.922536	99.913626	14.498328	-68.382422	-24.711175	66.972194	-45.615168	-20.098761	69.097757	49.838244	-10.238854	-78.979487	82.000004	12.701426	25.116640	-25.454298	-39.674581	43.397329	12.962566	7.494819	13.092386	-31.951090	58.942366	-57.180211	-31.861937	12.743983	-48.948194	37.824427	-39.753855	
