%count	x
15	-17.382019	-19.177245	33.791033	16.838905	-4.020748	-30.534777	47.846124	-24.572616	45.778367	-62.654289	-13.100177	4.118620	0.437520	-5.663586	-4.130846	55.320591	-72.061264	49.553875	13.415488	-86.240321	-51.113152	22.608585	42.592566	-98.558648	-48.025246	8.848154	-56.136837	-51.066815	-18.305374	-15.274183	
30	-17.382019	-19.177245	33.791033	16.838905	-4.020748	-30.534777	47.846124	-24.572616	45.778367	-62.654289	-13.100177	4.118620	0.437520	-5.663586	-4.130846	55.320591	-72.061264	49.553875	13.415488	-86.240321	-51.113152	22.608585	42.592566	-98.558648	-48.025246	8.848154	-56.136837	-51.066815	-18.305374	-15.274183	
45	-17.382019	-19.177245	33.791033	16.838905	-4.020748	-30.534777	47.846124	-24.572616	45.778367	-62.654289	-13.100177	4.118620	0.437520	-5.663586	-4.130846	55.320591	-72.061264	49.553875	13.415488	-86.240321	-51.113152	22.608585	42.592566	-98.558648	-48.025246	8.848154	-56.136837	-51.066815	-18.305374	-15.274183	
60	-17.382019	-19.177245	33.791033	16.838905	-4.020748	-30.534777	47.846124	-24.572616	45.778367	-62.654289	-13.100177	4.118620	0.437520	-5.663586	-4.130846	55.320591	-72.061264	49.553875	13.415488	-86.240321	-51.113152	22.608585	42.592566	-98.558648	-48.025246	8.848154	-56.136837	-51.066815	-18.305374	-15.274183	
75	-17.382019	-19.177245	33.791033	16.838905	-4.020748	-30.534777	47.846124	-24.572616	45.778367	-62.654289	-13.100177	4.118620	0.437520	-5.663586	-4.130846	55.320591	-72.061264	49.553875	13.415488	-86.240321	-51.113152	22.608585	42.592566	-98.558648	-48.025246	8.848154	-56.136837	-51.066815	-18.305374	-15.274183	
90	20.033199	-11.031336	-63.205582	16.527908	71.513188	-18.669448	48.408902	71.270068	-92.207084	54.465297	68.382646	-33.710732	-3.000969	89.965213	-0.686089	25.123366	-46.873154	-21.996976	65.690521	-75.408011	-66.211874	7.340322	12.172344	44.569752	-93.260890	29.592854	13.351503	-9.581902	-63.648410	57.536705	
105	-70.870433	15.610191	82.411766	-42.040676	59.299411	-57.851301	24.606040	14.182236	-86.308439	1.982171	49.244365	-67.672117	96.204815	59.276259	68.691492	-10.821262	-75.554587	58.955008	-63.487040	-43.857654	-12.956136	53.250179	32.202376	-29.710212	-17.156089	44.604925	47.675852	-67.642768	83.405149	-18.468732	
120	-70.870433	15.610191	82.411766	-42.040676	59.299411	-57.851301	24.606040	14.182236	-86.308439	1.982171	49.244365	-67.672117	96.204815	59.276259	68.691492	-10.821262	-75.554587	58.955008	-63.487040	-43.857654	-12.956136	53.250179	32.202376	-29.710212	-17.156089	44.604925	47.675852	-67.642768	83.405149	-18.468732	
135	-70.870433	15.610191	82.411766	-42.040676	59.299411	-57.851301	24.606040	14.182236	-86.308439	1.982171	49.244365	-67.672117	96.204815	59.276259	68.691492	-10.821262	-75.554587	58.955008	-63.487040	-43.857654	-12.956136	53.250179	32.202376	-29.710212	-17.156089	44.604925	47.675852	-67.642768	83.405149	-18.468732	
150	-70.870433	15.610191	82.411766	-42.040676	59.299411	-57.851301	24.606040	14.182236	-86.308439	1.982171	49.244365	-67.672117	96.204815	59.276259	68.691492	-10.821262	-75.554587	58.955008	-63.487040	-43.857654	-12.956136	53.250179	32.202376	-29.710212	-17.156089	44.604925	47.675852	-67.642768	83.405149	-18.468732	
300	67.826709	-61.479808	85.067659	96.466106	1.935925	-99.333326	-78.373197	45.664042	-58.404876	38.308829	86.493690	-31.940215	57.679478	-47.402973	23.582255	61.986722	-11.593758	-39.297420	78.085522	97.265694	-72.432647	-55.635705	0.892026	-3.813111	23.414791	74.981333	-48.057981	-60.535188	-26.409507	61.541984	
450	67.826709	-61.479808	85.067659	96.466106	1.935925	-99.333326	-78.373197	45.664042	-58.404876	38.308829	86.493690	-31.940215	57.679478	-47.402973	23.582255	61.986722	-11.593758	-39.297420	78.085522	97.265694	-72.432647	-55.635705	0.892026	-3.813111	23.414791	74.981333	-48.057981	-60.535188	-26.409507	61.541984	
600	43.545670	19.916748	90.752673	-54.986059	49.079560	-45.131341	-86.144167	24.108830	-97.950988	-38.269826	-36.067733	4.203763	15.127460	-25.650330	87.057335	-16.892622	58.962402	-59.884051	18.559137	-62.139064	-16.320181	27.122438	-67.894375	63.363356	-51.314207	71.401003	7.775344	-89.441980	26.669946	76.227519	
750	43.545670	19.916748	90.752673	-54.986059	49.079560	-45.131341	-86.144167	24.108830	-97.950988	-38.269826	-36.067733	4.203763	15.127460	-25.650330	87.057335	-16.892622	58.962402	-59.884051	18.559137	-62.139064	-16.320181	27.122438	-67.894375	63.363356	-51.314207	71.401003	7.775344	-89.441980	26.669946	76.227519	
900	43.545670	19.916748	90.752673	-54.986059	49.079560	-45.131341	-86.144167	24.108830	-97.950988	-38.269826	-36.067733	4.203763	15.127460	-25.650330	87.057335	-16.892622	58.962402	-59.884051	18.559137	-62.139064	-16.320181	27.122438	-67.894375	63.363356	-51.314207	71.401003	7.775344	-89.441980	26.669946	76.227519	
1050	43.545670	19.916748	90.752673	-54.986059	49.079560	-45.131341	-86.144167	24.108830	-97.950988	-38.269826	-36.067733	4.203763	15.127460	-25.650330	87.057335	-16.892622	58.962402	-59.884051	18.559137	-62.139064	-16.320181	27.122438	-67.894375	63.363356	-51.314207	71.401003	7.775344	-89.441980	26.669946	76.227519	
1200	43.545670	19.916748	90.752673	-54.986059	49.079560	-45.131341	-86.144167	24.108830	-97.950988	-38.269826	-36.067733	4.203763	15.127460	-25.650330	87.057335	-16.892622	58.962402	-59.884051	18.559137	-62.139064	-16.320181	27.122438	-67.894375	63.363356	-51.314207	71.401003	7.775344	-89.441980	26.669946	76.227519	
1350	43.545670	19.916748	90.752673	-54.986059	49.079560	-45.131341	-86.144167	24.108830	-97.950988	-38.269826	-36.067733	4.203763	15.127460	-25.650330	87.057335	-16.892622	58.962402	-59.884051	18.559137	-62.139064	-16.320181	27.122438	-67.894375	63.363356	-51.314207	71.401003	7.775344	-89.441980	26.669946	76.227519	
1500	43.545670	19.916748	90.752673	-54.986059	49.079560	-45.131341	-86.144167	24.108830	-97.950988	-38.269826	-36.067733	4.203763	15.127460	-25.650330	87.057335	-16.892622	58.962402	-59.884051	18.559137	-62.139064	-16.320181	27.122438	-67.894375	63.363356	-51.314207	71.401003	7.775344	-89.441980	26.669946	76.227519	
