%count	x
15	34.939332	56.980424	-20.755908	-35.062631	-0.592489	-36.454514	-86.512843	-73.354412	-93.302662	22.862543	-6.662744	48.476300	33.340602	12.665771	-83.452094	28.145895	-74.299162	-13.609295	-4.493610	8.074576	6.841103	-52.543316	-23.819003	-11.004715	7.926345	35.289967	30.186698	36.732230	-81.648208	-26.484171	
30	-47.579844	-31.836491	-16.478741	67.852913	-79.250604	64.459980	19.439726	47.838744	-92.122631	-37.467928	45.502630	3.698905	-32.746215	25.352433	34.378249	-63.225786	71.478531	63.873284	-98.896609	78.496923	-49.946579	11.728519	-25.892729	-55.671439	-39.144686	0.609151	-3.060509	-99.803350	43.008329	14.886560	
45	-93.390479	49.634472	20.566775	58.590102	53.520264	-61.711780	42.638323	74.676615	-67.223181	-50.841345	80.109352	-33.811698	35.945952	-70.043655	67.029336	53.503563	77.899072	-85.009420	-52.386262	-79.666755	6.768973	-60.109351	27.133287	72.883621	-5.958895	76.186011	-46.878781	-93.960514	-32.623717	93.100984	
60	-93.390479	49.634472	20.566775	58.590102	53.520264	-61.711780	42.638323	74.676615	-67.223181	-50.841345	80.109352	-33.811698	35.945952	-70.043655	67.029336	53.503563	77.899072	-85.009420	-52.386262	-79.666755	6.768973	-60.109351	27.133287	72.883621	-5.958895	76.186011	-46.878781	-93.960514	-32.623717	93.100984	
75	-93.390479	49.634472	20.566775	58.590102	53.520264	-61.711780	42.638323	74.676615	-67.223181	-50.841345	80.109352	-33.811698	35.945952	-70.043655	67.029336	53.503563	77.899072	-85.009420	-52.386262	-79.666755	6.768973	-60.109351	27.133287	72.883621	-5.958895	76.186011	-46.878781	-93.960514	-32.623717	93.100984	
90	-93.390479	49.634472	20.566775	58.590102	53.520264	-61.711780	42.638323	74.676615	-67.223181	-50.841345	80.109352	-33.811698	35.945952	-70.043655	67.029336	53.503563	77.899072	-85.009420	-52.386262	-79.666755	6.768973	-60.109351	27.133287	72.883621	-5.958895	76.186011	-46.878781	-93.960514	-32.623717	93.100984	
105	-93.390479	49.634472	20.566775	58.590102	53.520264	-61.711780	42.638323	74.676615	-67.223181	-50.841345	80.109352	-33.811698	35.945952	-70.043655	67.029336	53.503563	77.899072	-85.009420	-52.386262	-79.666755	6.768973	-60.109351	27.133287	72.883621	-5.958895	76.186011	-46.878781	-93.960514	-32.623717	93.100984	
120	-93.390479	49.634472	20.566775	58.590102	53.520264	-61.711780	42.638323	74.676615	-67.223181	-50.841345	80.109352	-33.811698	35.945952	-70.043655	67.029336	53.503563	77.899072	-85.009420	-52.386262	-79.666755	6.768973	-60.109351	27.133287	72.883621	-5.958895	76.186011	-46.878781	-93.960514	-32.623717	93.100984	
135	-93.390479	49.634472	20.566775	58.590102	53.520264	-61.711780	42.638323	74.676615	-67.223181	-50.841345	80.109352	-33.811698	35.945952	-70.043655	67.029336	53.503563	77.899072	-85.009420	-52.386262	-79.666755	6.768973	-60.109351	27.133287	72.883621	-5.958895	76.186011	-46.878781	-93.960514	-32.623717	93.100984	
150	-93.390479	49.634472	20.566775	58.590102	53.520264	-61.711780	42.638323	74.676615	-67.223181	-50.841345	80.109352	-33.811698	35.945952	-70.043655	67.029336	53.503563	77.899072	-85.009420	-52.386262	-79.666755	6.768973	-60.109351	27.133287	72.883621	-5.958895	76.186011	-46.878781	-93.960514	-32.623717	93.100984	
300	-93.390479	49.634472	20.566775	58.590102	53.520264	-61.711780	42.638323	74.676615	-67.223181	-50.841345	80.109352	-33.811698	35.945952	-70.043655	67.029336	53.503563	77.899072	-85.009420	-52.386262	-79.666755	6.768973	-60.109351	27.133287	72.883621	-5.958895	76.186011	-46.878781	-93.960514	-32.623717	93.100984	
450	-43.643305	36.507180	41.904199	96.093098	-6.073975	-28.745699	-33.659799	-30.251359	-61.476665	-18.511677	79.931391	-78.379776	40.767518	58.158918	32.680384	-22.738614	-48.812860	-35.337236	-66.779197	3.369799	-54.542942	-73.139933	42.407814	11.116013	1.145025	-14.207986	-60.810023	-73.261886	41.387782	95.519659	
600	-18.326487	24.878369	-88.885406	-82.557724	53.206989	-62.305630	11.626248	61.915916	-7.504705	-64.538937	-35.923878	-56.767433	-32.052803	72.635969	-7.508887	-38.975424	62.403182	-0.074632	-52.374817	91.205054	-29.084602	-16.841321	-42.043405	-84.001933	-28.630114	-64.401313	11.051711	-69.052485	56.673281	-32.158700	
750	-18.326487	24.878369	-88.885406	-82.557724	53.206989	-62.305630	11.626248	61.915916	-7.504705	-64.538937	-35.923878	-56.767433	-32.052803	72.635969	-7.508887	-38.975424	62.403182	-0.074632	-52.374817	91.205054	-29.084602	-16.841321	-42.043405	-84.001933	-28.630114	-64.401313	11.051711	-69.052485	56.673281	-32.158700	
900	-18.326487	24.878369	-88.885406	-82.557724	53.206989	-62.305630	11.626248	61.915916	-7.504705	-64.538937	-35.923878	-56.767433	-32.052803	72.635969	-7.508887	-38.975424	62.403182	-0.074632	-52.374817	91.205054	-29.084602	-16.841321	-42.043405	-84.001933	-28.630114	-64.401313	11.051711	-69.052485	56.673281	-32.158700	
1050	-18.326487	24.878369	-88.885406	-82.557724	53.206989	-62.305630	11.626248	61.915916	-7.504705	-64.538937	-35.923878	-56.767433	-32.052803	72.635969	-7.508887	-38.975424	62.403182	-0.074632	-52.374817	91.205054	-29.084602	-16.841321	-42.043405	-84.001933	-28.630114	-64.401313	11.051711	-69.052485	56.673281	-32.158700	
1200	20.963901	85.981693	-8.849927	-9.966385	77.189734	-92.517818	-24.637038	64.087107	38.822427	-29.303249	-73.852798	70.806218	-97.313233	-98.951623	-58.930978	-7.860391	-0.912200	-0.366289	-79.053186	-64.846894	-54.195879	21.823878	-81.015506	42.168099	-79.244069	25.022967	-65.853477	89.354139	-16.652854	-66.323695	
1350	20.963901	85.981693	-8.849927	-9.966385	77.189734	-92.517818	-24.637038	64.087107	38.822427	-29.303249	-73.852798	70.806218	-97.313233	-98.951623	-58.930978	-7.860391	-0.912200	-0.366289	-79.053186	-64.846894	-54.195879	21.823878	-81.015506	42.168099	-79.244069	25.022967	-65.853477	89.354139	-16.652854	-66.323695	
1500	20.963901	85.981693	-8.849927	-9.966385	77.189734	-92.517818	-24.637038	64.087107	38.822427	-29.303249	-73.852798	70.806218	-97.313233	-98.951623	-58.930978	-7.860391	-0.912200	-0.366289	-79.053186	-64.846894	-54.195879	21.823878	-81.015506	42.168099	-79.244069	25.022967	-65.853477	89.354139	-16.652854	-66.323695	
