%count	x
15	-53.799439	-59.415964	-21.702084	6.816426	39.119545	-42.899820	-98.386027	57.919005	37.418823	44.740712	31.798562	-23.279699	98.895338	-65.681441	96.867128	-69.267012	22.728543	-39.936990	80.504589	48.161729	-78.394959	81.327464	35.911816	27.439902	70.837632	72.935806	-31.158757	34.397667	41.396049	-97.512241	
30	-53.799439	-59.415964	-21.702084	6.816426	39.119545	-42.899820	-98.386027	57.919005	37.418823	44.740712	31.798562	-23.279699	98.895338	-65.681441	96.867128	-69.267012	22.728543	-39.936990	80.504589	48.161729	-78.394959	81.327464	35.911816	27.439902	70.837632	72.935806	-31.158757	34.397667	41.396049	-97.512241	
45	-53.799439	-59.415964	-21.702084	6.816426	39.119545	-42.899820	-98.386027	57.919005	37.418823	44.740712	31.798562	-23.279699	98.895338	-65.681441	96.867128	-69.267012	22.728543	-39.936990	80.504589	48.161729	-78.394959	81.327464	35.911816	27.439902	70.837632	72.935806	-31.158757	34.397667	41.396049	-97.512241	
60	-53.799439	-59.415964	-21.702084	6.816426	39.119545	-42.899820	-98.386027	57.919005	37.418823	44.740712	31.798562	-23.279699	98.895338	-65.681441	96.867128	-69.267012	22.728543	-39.936990	80.504589	48.161729	-78.394959	81.327464	35.911816	27.439902	70.837632	72.935806	-31.158757	34.397667	41.396049	-97.512241	
75	-53.799439	-59.415964	-21.702084	6.816426	39.119545	-42.899820	-98.386027	57.919005	37.418823	44.740712	31.798562	-23.279699	98.895338	-65.681441	96.867128	-69.267012	22.728543	-39.936990	80.504589	48.161729	-78.394959	81.327464	35.911816	27.439902	70.837632	72.935806	-31.158757	34.397667	41.396049	-97.512241	
90	15.538455	91.449066	63.652991	-94.744660	20.594778	26.666345	8.007245	44.686884	-46.258751	79.864558	-70.083156	87.677827	21.782839	-12.902202	-22.235033	43.651884	-45.508338	-97.005498	35.177658	10.106379	41.448541	1.658290	40.899203	22.144682	-33.147521	-61.674691	14.078246	8.114012	72.028742	-18.835247	
105	15.538455	91.449066	63.652991	-94.744660	20.594778	26.666345	8.007245	44.686884	-46.258751	79.864558	-70.083156	87.677827	21.782839	-12.902202	-22.235033	43.651884	-45.508338	-97.005498	35.177658	10.106379	41.448541	1.658290	40.899203	22.144682	-33.147521	-61.674691	14.078246	8.114012	72.028742	-18.835247	
120	15.538455	91.449066	63.652991	-94.744660	20.594778	26.666345	8.007245	44.686884	-46.258751	79.864558	-70.083156	87.677827	21.782839	-12.902202	-22.235033	43.651884	-45.508338	-97.005498	35.177658	10.106379	41.448541	1.658290	40.899203	22.144682	-33.147521	-61.674691	14.078246	8.114012	72.028742	-18.835247	
135	15.538455	91.449066	63.652991	-94.744660	20.594778	26.666345	8.007245	44.686884	-46.258751	79.864558	-70.083156	87.677827	21.782839	-12.902202	-22.235033	43.651884	-45.508338	-97.005498	35.177658	10.106379	41.448541	1.658290	40.899203	22.144682	-33.147521	-61.674691	14.078246	8.114012	72.028742	-18.835247	
150	15.538455	91.449066	63.652991	-94.744660	20.594778	26.666345	8.007245	44.686884	-46.258751	79.864558	-70.083156	87.677827	21.782839	-12.902202	-22.235033	43.651884	-45.508338	-97.005498	35.177658	10.106379	41.448541	1.658290	40.899203	22.144682	-33.147521	-61.674691	14.078246	8.114012	72.028742	-18.835247	
300	15.538455	91.449066	63.652991	-94.744660	20.594778	26.666345	8.007245	44.686884	-46.258751	79.864558	-70.083156	87.677827	21.782839	-12.902202	-22.235033	43.651884	-45.508338	-97.005498	35.177658	10.106379	41.448541	1.658290	40.899203	22.144682	-33.147521	-61.674691	14.078246	8.114012	72.028742	-18.835247	
450	15.538455	91.449066	63.652991	-94.744660	20.594778	26.666345	8.007245	44.686884	-46.258751	79.864558	-70.083156	87.677827	21.782839	-12.902202	-22.235033	43.651884	-45.508338	-97.005498	35.177658	10.106379	41.448541	1.658290	40.899203	22.144682	-33.147521	-61.674691	14.078246	8.114012	72.028742	-18.835247	
600	61.844426	21.701484	64.174668	32.527822	-33.920154	-78.551080	42.037615	73.025842	28.820194	-1.258497	33.425901	-8.273139	70.197627	-47.360550	69.279228	50.141269	63.991043	53.005362	-28.577128	-59.405703	-8.770943	-95.696826	-97.196425	-72.632993	-70.539452	-77.589541	67.051847	40.787672	-35.380122	-2.692390	
750	61.844426	21.701484	64.174668	32.527822	-33.920154	-78.551080	42.037615	73.025842	28.820194	-1.258497	33.425901	-8.273139	70.197627	-47.360550	69.279228	50.141269	63.991043	53.005362	-28.577128	-59.405703	-8.770943	-95.696826	-97.196425	-72.632993	-70.539452	-77.589541	67.051847	40.787672	-35.380122	-2.692390	
900	73.000808	49.314110	-40.515213	-84.633679	51.600315	-1.525862	23.120177	16.172902	62.621247	-20.252587	72.981686	84.433209	-53.442621	60.674708	18.530283	81.313392	-40.649957	14.600948	40.944403	38.092283	-29.211435	70.619606	-43.226485	-58.783323	-20.613985	65.104177	-65.557928	57.890879	84.377175	7.152859	
1050	73.000808	49.314110	-40.515213	-84.633679	51.600315	-1.525862	23.120177	16.172902	62.621247	-20.252587	72.981686	84.433209	-53.442621	60.674708	18.530283	81.313392	-40.649957	14.600948	40.944403	38.092283	-29.211435	70.619606	-43.226485	-58.783323	-20.613985	65.104177	-65.557928	57.890879	84.377175	7.152859	
1200	73.000808	49.314110	-40.515213	-84.633679	51.600315	-1.525862	23.120177	16.172902	62.621247	-20.252587	72.981686	84.433209	-53.442621	60.674708	18.530283	81.313392	-40.649957	14.600948	40.944403	38.092283	-29.211435	70.619606	-43.226485	-58.783323	-20.613985	65.104177	-65.557928	57.890879	84.377175	7.152859	
1350	73.000808	49.314110	-40.515213	-84.633679	51.600315	-1.525862	23.120177	16.172902	62.621247	-20.252587	72.981686	84.433209	-53.442621	60.674708	18.530283	81.313392	-40.649957	14.600948	40.944403	38.092283	-29.211435	70.619606	-43.226485	-58.783323	-20.613985	65.104177	-65.557928	57.890879	84.377175	7.152859	
1500	73.000808	49.314110	-40.515213	-84.633679	51.600315	-1.525862	23.120177	16.172902	62.621247	-20.252587	72.981686	84.433209	-53.442621	60.674708	18.530283	81.313392	-40.649957	14.600948	40.944403	38.092283	-29.211435	70.619606	-43.226485	-58.783323	-20.613985	65.104177	-65.557928	57.890879	84.377175	7.152859	
