%count	x
15	49.917062	68.322346	-99.316119	33.231512	58.683441	80.665145	-29.908870	-11.688297	-57.220109	-36.317262	87.781291	-35.555900	33.484859	-39.800379	-3.788053	-98.468220	39.907524	-0.982613	-95.122400	-26.100093	-57.981981	-34.490730	-76.127691	-21.958161	-92.170261	52.960411	11.505934	-36.451249	-60.985380	-58.145784	
30	49.917062	68.322346	-99.316119	33.231512	58.683441	80.665145	-29.908870	-11.688297	-57.220109	-36.317262	87.781291	-35.555900	33.484859	-39.800379	-3.788053	-98.468220	39.907524	-0.982613	-95.122400	-26.100093	-57.981981	-34.490730	-76.127691	-21.958161	-92.170261	52.960411	11.505934	-36.451249	-60.985380	-58.145784	
45	49.917062	68.322346	-99.316119	33.231512	58.683441	80.665145	-29.908870	-11.688297	-57.220109	-36.317262	87.781291	-35.555900	33.484859	-39.800379	-3.788053	-98.468220	39.907524	-0.982613	-95.122400	-26.100093	-57.981981	-34.490730	-76.127691	-21.958161	-92.170261	52.960411	11.505934	-36.451249	-60.985380	-58.145784	
60	49.917062	68.322346	-99.316119	33.231512	58.683441	80.665145	-29.908870	-11.688297	-57.220109	-36.317262	87.781291	-35.555900	33.484859	-39.800379	-3.788053	-98.468220	39.907524	-0.982613	-95.122400	-26.100093	-57.981981	-34.490730	-76.127691	-21.958161	-92.170261	52.960411	11.505934	-36.451249	-60.985380	-58.145784	
75	49.917062	68.322346	-99.316119	33.231512	58.683441	80.665145	-29.908870	-11.688297	-57.220109	-36.317262	87.781291	-35.555900	33.484859	-39.800379	-3.788053	-98.468220	39.907524	-0.982613	-95.122400	-26.100093	-57.981981	-34.490730	-76.127691	-21.958161	-92.170261	52.960411	11.505934	-36.451249	-60.985380	-58.145784	
90	49.917062	68.322346	-99.316119	33.231512	58.683441	80.665145	-29.908870	-11.688297	-57.220109	-36.317262	87.781291	-35.555900	33.484859	-39.800379	-3.788053	-98.468220	39.907524	-0.982613	-95.122400	-26.100093	-57.981981	-34.490730	-76.127691	-21.958161	-92.170261	52.960411	11.505934	-36.451249	-60.985380	-58.145784	
105	49.917062	68.322346	-99.316119	33.231512	58.683441	80.665145	-29.908870	-11.688297	-57.220109	-36.317262	87.781291	-35.555900	33.484859	-39.800379	-3.788053	-98.468220	39.907524	-0.982613	-95.122400	-26.100093	-57.981981	-34.490730	-76.127691	-21.958161	-92.170261	52.960411	11.505934	-36.451249	-60.985380	-58.145784	
120	49.917062	68.322346	-99.316119	33.231512	58.683441	80.665145	-29.908870	-11.688297	-57.220109	-36.317262	87.781291	-35.555900	33.484859	-39.800379	-3.788053	-98.468220	39.907524	-0.982613	-95.122400	-26.100093	-57.981981	-34.490730	-76.127691	-21.958161	-92.170261	52.960411	11.505934	-36.451249	-60.985380	-58.145784	
135	49.917062	68.322346	-99.316119	33.231512	58.683441	80.665145	-29.908870	-11.688297	-57.220109	-36.317262	87.781291	-35.555900	33.484859	-39.800379	-3.788053	-98.468220	39.907524	-0.982613	-95.122400	-26.100093	-57.981981	-34.490730	-76.127691	-21.958161	-92.170261	52.960411	11.505934	-36.451249	-60.985380	-58.145784	
150	49.917062	68.322346	-99.316119	33.231512	58.683441	80.665145	-29.908870	-11.688297	-57.220109	-36.317262	87.781291	-35.555900	33.484859	-39.800379	-3.788053	-98.468220	39.907524	-0.982613	-95.122400	-26.100093	-57.981981	-34.490730	-76.127691	-21.958161	-92.170261	52.960411	11.505934	-36.451249	-60.985380	-58.145784	
300	49.917062	68.322346	-99.316119	33.231512	58.683441	80.665145	-29.908870	-11.688297	-57.220109	-36.317262	87.781291	-35.555900	33.484859	-39.800379	-3.788053	-98.468220	39.907524	-0.982613	-95.122400	-26.100093	-57.981981	-34.490730	-76.127691	-21.958161	-92.170261	52.960411	11.505934	-36.451249	-60.985380	-58.145784	
450	49.917062	68.322346	-99.316119	33.231512	58.683441	80.665145	-29.908870	-11.688297	-57.220109	-36.317262	87.781291	-35.555900	33.484859	-39.800379	-3.788053	-98.468220	39.907524	-0.982613	-95.122400	-26.100093	-57.981981	-34.490730	-76.127691	-21.958161	-92.170261	52.960411	11.505934	-36.451249	-60.985380	-58.145784	
600	49.917062	68.322346	-99.316119	33.231512	58.683441	80.665145	-29.908870	-11.688297	-57.220109	-36.317262	87.781291	-35.555900	33.484859	-39.800379	-3.788053	-98.468220	39.907524	-0.982613	-95.122400	-26.100093	-57.981981	-34.490730	-76.127691	-21.958161	-92.170261	52.960411	11.505934	-36.451249	-60.985380	-58.145784	
750	49.917062	68.322346	-99.316119	33.231512	58.683441	80.665145	-29.908870	-11.688297	-57.220109	-36.317262	87.781291	-35.555900	33.484859	-39.800379	-3.788053	-98.468220	39.907524	-0.982613	-95.122400	-26.100093	-57.981981	-34.490730	-76.127691	-21.958161	-92.170261	52.960411	11.505934	-36.451249	-60.985380	-58.145784	
900	15.928458	62.832121	-9.803516	-2.316125	-96.149872	45.109080	-53.586275	80.179876	-13.695710	-35.538329	91.286687	-63.295258	79.111755	-56.237183	28.481638	-28.234848	44.754403	-23.957133	-26.429519	57.101293	70.107525	-44.437977	-57.556590	65.829527	-28.544948	-72.797098	-21.280513	-73.010862	-75.936580	-88.545218	
1050	15.928458	62.832121	-9.803516	-2.316125	-96.149872	45.109080	-53.586275	80.179876	-13.695710	-35.538329	91.286687	-63.295258	79.111755	-56.237183	28.481638	-28.234848	44.754403	-23.957133	-26.429519	57.101293	70.107525	-44.437977	-57.556590	65.829527	-28.544948	-72.797098	-21.280513	-73.010862	-75.936580	-88.545218	
1200	15.928458	62.832121	-9.803516	-2.316125	-96.149872	45.109080	-53.586275	80.179876	-13.695710	-35.538329	91.286687	-63.295258	79.111755	-56.237183	28.481638	-28.234848	44.754403	-23.957133	-26.429519	57.101293	70.107525	-44.437977	-57.556590	65.829527	-28.544948	-72.797098	-21.280513	-73.010862	-75.936580	-88.545218	
1350	15.928458	62.832121	-9.803516	-2.316125	-96.149872	45.109080	-53.586275	80.179876	-13.695710	-35.538329	91.286687	-63.295258	79.111755	-56.237183	28.481638	-28.234848	44.754403	-23.957133	-26.429519	57.101293	70.107525	-44.437977	-57.556590	65.829527	-28.544948	-72.797098	-21.280513	-73.010862	-75.936580	-88.545218	
1500	15.928458	62.832121	-9.803516	-2.316125	-96.149872	45.109080	-53.586275	80.179876	-13.695710	-35.538329	91.286687	-63.295258	79.111755	-56.237183	28.481638	-28.234848	44.754403	-23.957133	-26.429519	57.101293	70.107525	-44.437977	-57.556590	65.829527	-28.544948	-72.797098	-21.280513	-73.010862	-75.936580	-88.545218	
