%count	x
15	65.105689	-71.077296	91.071970	0.655147	88.457883	-42.023785	85.519593	65.006651	15.729503	53.564315	-92.149827	-56.854022	41.747623	-66.186204	91.413871	-9.197241	-91.172115	57.891234	-15.786011	4.197688	49.019840	44.797887	-75.912978	84.425096	-99.441660	58.812322	-18.654635	50.858587	-97.057672	-79.393011	
30	65.105689	-71.077296	91.071970	0.655147	88.457883	-42.023785	85.519593	65.006651	15.729503	53.564315	-92.149827	-56.854022	41.747623	-66.186204	91.413871	-9.197241	-91.172115	57.891234	-15.786011	4.197688	49.019840	44.797887	-75.912978	84.425096	-99.441660	58.812322	-18.654635	50.858587	-97.057672	-79.393011	
45	-18.075716	10.902547	61.586306	1.106763	-26.429826	-71.970537	-34.161349	89.471481	15.362568	0.172901	18.779837	4.407433	74.183217	-50.279258	74.698376	44.631818	-19.774564	96.158262	20.868210	-38.392468	-34.599431	49.196524	88.428145	-36.028554	43.227903	30.038503	87.404739	25.635190	74.726541	-33.671272	
60	-18.075716	10.902547	61.586306	1.106763	-26.429826	-71.970537	-34.161349	89.471481	15.362568	0.172901	18.779837	4.407433	74.183217	-50.279258	74.698376	44.631818	-19.774564	96.158262	20.868210	-38.392468	-34.599431	49.196524	88.428145	-36.028554	43.227903	30.038503	87.404739	25.635190	74.726541	-33.671272	
75	-18.075716	10.902547	61.586306	1.106763	-26.429826	-71.970537	-34.161349	89.471481	15.362568	0.172901	18.779837	4.407433	74.183217	-50.279258	74.698376	44.631818	-19.774564	96.158262	20.868210	-38.392468	-34.599431	49.196524	88.428145	-36.028554	43.227903	30.038503	87.404739	25.635190	74.726541	-33.671272	
90	-18.075716	10.902547	61.586306	1.106763	-26.429826	-71.970537	-34.161349	89.471481	15.362568	0.172901	18.779837	4.407433	74.183217	-50.279258	74.698376	44.631818	-19.774564	96.158262	20.868210	-38.392468	-34.599431	49.196524	88.428145	-36.028554	43.227903	30.038503	87.404739	25.635190	74.726541	-33.671272	
105	-18.075716	10.902547	61.586306	1.106763	-26.429826	-71.970537	-34.161349	89.471481	15.362568	0.172901	18.779837	4.407433	74.183217	-50.279258	74.698376	44.631818	-19.774564	96.158262	20.868210	-38.392468	-34.599431	49.196524	88.428145	-36.028554	43.227903	30.038503	87.404739	25.635190	74.726541	-33.671272	
120	-18.075716	10.902547	61.586306	1.106763	-26.429826	-71.970537	-34.161349	89.471481	15.362568	0.172901	18.779837	4.407433	74.183217	-50.279258	74.698376	44.631818	-19.774564	96.158262	20.868210	-38.392468	-34.599431	49.196524	88.428145	-36.028554	43.227903	30.038503	87.404739	25.635190	74.726541	-33.671272	
135	-18.075716	10.902547	61.586306	1.106763	-26.429826	-71.970537	-34.161349	89.471481	15.362568	0.172901	18.779837	4.407433	74.183217	-50.279258	74.698376	44.631818	-19.774564	96.158262	20.868210	-38.392468	-34.599431	49.196524	88.428145	-36.028554	43.227903	30.038503	87.404739	25.635190	74.726541	-33.671272	
150	-18.075716	10.902547	61.586306	1.106763	-26.429826	-71.970537	-34.161349	89.471481	15.362568	0.172901	18.779837	4.407433	74.183217	-50.279258	74.698376	44.631818	-19.774564	96.158262	20.868210	-38.392468	-34.599431	49.196524	88.428145	-36.028554	43.227903	30.038503	87.404739	25.635190	74.726541	-33.671272	
300	-18.075716	10.902547	61.586306	1.106763	-26.429826	-71.970537	-34.161349	89.471481	15.362568	0.172901	18.779837	4.407433	74.183217	-50.279258	74.698376	44.631818	-19.774564	96.158262	20.868210	-38.392468	-34.599431	49.196524	88.428145	-36.028554	43.227903	30.038503	87.404739	25.635190	74.726541	-33.671272	
450	1.321962	-21.621966	-39.575786	-75.957509	35.136940	86.123022	18.271100	59.543781	76.176365	55.570717	57.634933	31.170228	44.410747	-98.295549	19.002814	22.143863	-78.964544	-90.387183	-10.028079	2.856540	-32.444472	97.821038	-63.339071	2.829601	9.106025	-64.887705	52.315131	-98.285214	22.159766	85.775509	
600	1.321962	-21.621966	-39.575786	-75.957509	35.136940	86.123022	18.271100	59.543781	76.176365	55.570717	57.634933	31.170228	44.410747	-98.295549	19.002814	22.143863	-78.964544	-90.387183	-10.028079	2.856540	-32.444472	97.821038	-63.339071	2.829601	9.106025	-64.887705	52.315131	-98.285214	22.159766	85.775509	
750	86.066399	34.982563	34.066645	-94.862020	63.376300	2.585121	30.787257	61.848192	58.152058	98.718263	-61.118816	-34.138832	99.244657	-49.530077	-17.499834	-43.743994	88.691167	-68.544426	-8.744037	10.864259	-74.558485	-45.168677	-72.110876	57.842834	-33.832016	-18.238819	-88.124066	-48.970443	69.884858	-8.123745	
900	11.739146	-79.669853	3.760904	17.577129	69.880665	-31.840428	23.083171	-42.646277	95.412183	80.919671	55.339436	-4.012312	96.736702	1.584265	76.677576	21.917114	-97.738548	-18.066171	50.240663	-28.737077	70.555687	15.227363	18.267998	-83.711981	-13.172142	-43.169479	-36.884832	44.998002	10.466860	10.463855	
1050	11.739146	-79.669853	3.760904	17.577129	69.880665	-31.840428	23.083171	-42.646277	95.412183	80.919671	55.339436	-4.012312	96.736702	1.584265	76.677576	21.917114	-97.738548	-18.066171	50.240663	-28.737077	70.555687	15.227363	18.267998	-83.711981	-13.172142	-43.169479	-36.884832	44.998002	10.466860	10.463855	
1200	11.739146	-79.669853	3.760904	17.577129	69.880665	-31.840428	23.083171	-42.646277	95.412183	80.919671	55.339436	-4.012312	96.736702	1.584265	76.677576	21.917114	-97.738548	-18.066171	50.240663	-28.737077	70.555687	15.227363	18.267998	-83.711981	-13.172142	-43.169479	-36.884832	44.998002	10.466860	10.463855	
1350	11.739146	-79.669853	3.760904	17.577129	69.880665	-31.840428	23.083171	-42.646277	95.412183	80.919671	55.339436	-4.012312	96.736702	1.584265	76.677576	21.917114	-97.738548	-18.066171	50.240663	-28.737077	70.555687	15.227363	18.267998	-83.711981	-13.172142	-43.169479	-36.884832	44.998002	10.466860	10.463855	
1500	11.739146	-79.669853	3.760904	17.577129	69.880665	-31.840428	23.083171	-42.646277	95.412183	80.919671	55.339436	-4.012312	96.736702	1.584265	76.677576	21.917114	-97.738548	-18.066171	50.240663	-28.737077	70.555687	15.227363	18.267998	-83.711981	-13.172142	-43.169479	-36.884832	44.998002	10.466860	10.463855	
