%count	x
15	-7.495680	41.739788	-33.946525	-30.084635	95.811209	30.963440	58.327021	18.068395	-59.314897	87.147404	-83.071943	12.856713	-75.088175	77.633088	-85.640404	-32.630101	64.917181	-45.506622	56.245416	5.013662	-57.260321	-23.011588	20.116180	-37.992101	0.921978	68.677118	6.549050	93.512170	-97.713543	39.053785	
30	-7.495680	41.739788	-33.946525	-30.084635	95.811209	30.963440	58.327021	18.068395	-59.314897	87.147404	-83.071943	12.856713	-75.088175	77.633088	-85.640404	-32.630101	64.917181	-45.506622	56.245416	5.013662	-57.260321	-23.011588	20.116180	-37.992101	0.921978	68.677118	6.549050	93.512170	-97.713543	39.053785	
45	-69.347948	-81.974208	19.219950	13.647889	-92.347880	-55.458178	-1.602114	-95.003020	-42.043038	40.606684	68.982966	94.948750	-53.402676	36.238867	75.495039	77.234391	2.335881	-91.644101	-71.553832	-48.185944	19.472562	17.042891	39.984119	-91.079889	-64.967650	96.885614	-11.767834	-71.075144	43.025739	-89.137438	
60	-69.347948	-81.974208	19.219950	13.647889	-92.347880	-55.458178	-1.602114	-95.003020	-42.043038	40.606684	68.982966	94.948750	-53.402676	36.238867	75.495039	77.234391	2.335881	-91.644101	-71.553832	-48.185944	19.472562	17.042891	39.984119	-91.079889	-64.967650	96.885614	-11.767834	-71.075144	43.025739	-89.137438	
75	-69.347948	-81.974208	19.219950	13.647889	-92.347880	-55.458178	-1.602114	-95.003020	-42.043038	40.606684	68.982966	94.948750	-53.402676	36.238867	75.495039	77.234391	2.335881	-91.644101	-71.553832	-48.185944	19.472562	17.042891	39.984119	-91.079889	-64.967650	96.885614	-11.767834	-71.075144	43.025739	-89.137438	
90	-69.347948	-81.974208	19.219950	13.647889	-92.347880	-55.458178	-1.602114	-95.003020	-42.043038	40.606684	68.982966	94.948750	-53.402676	36.238867	75.495039	77.234391	2.335881	-91.644101	-71.553832	-48.185944	19.472562	17.042891	39.984119	-91.079889	-64.967650	96.885614	-11.767834	-71.075144	43.025739	-89.137438	
105	-69.347948	-81.974208	19.219950	13.647889	-92.347880	-55.458178	-1.602114	-95.003020	-42.043038	40.606684	68.982966	94.948750	-53.402676	36.238867	75.495039	77.234391	2.335881	-91.644101	-71.553832	-48.185944	19.472562	17.042891	39.984119	-91.079889	-64.967650	96.885614	-11.767834	-71.075144	43.025739	-89.137438	
120	-69.347948	-81.974208	19.219950	13.647889	-92.347880	-55.458178	-1.602114	-95.003020	-42.043038	40.606684	68.982966	94.948750	-53.402676	36.238867	75.495039	77.234391	2.335881	-91.644101	-71.553832	-48.185944	19.472562	17.042891	39.984119	-91.079889	-64.967650	96.885614	-11.767834	-71.075144	43.025739	-89.137438	
135	-69.347948	-81.974208	19.219950	13.647889	-92.347880	-55.458178	-1.602114	-95.003020	-42.043038	40.606684	68.982966	94.948750	-53.402676	36.238867	75.495039	77.234391	2.335881	-91.644101	-71.553832	-48.185944	19.472562	17.042891	39.984119	-91.079889	-64.967650	96.885614	-11.767834	-71.075144	43.025739	-89.137438	
150	-69.347948	-81.974208	19.219950	13.647889	-92.347880	-55.458178	-1.602114	-95.003020	-42.043038	40.606684	68.982966	94.948750	-53.402676	36.238867	75.495039	77.234391	2.335881	-91.644101	-71.553832	-48.185944	19.472562	17.042891	39.984119	-91.079889	-64.967650	96.885614	-11.767834	-71.075144	43.025739	-89.137438	
300	-58.663324	7.167694	-74.682279	84.633840	-87.637050	-44.867723	-11.616766	-24.551590	-7.715543	-4.022225	-65.418175	-99.832910	92.082579	4.992478	54.960479	-71.705245	42.818406	41.490302	-93.141057	-27.966740	31.602259	-10.565285	-38.804705	-47.811135	32.002848	-32.783400	-17.911085	-79.671758	-39.135152	-10.289425	
450	-54.864317	1.528210	44.145801	-21.351171	-76.062593	10.123136	56.315788	-12.236407	-81.703661	-84.027780	96.304318	25.586758	-5.412889	19.910709	-9.145402	-35.779804	-48.465602	50.148370	-50.276282	-22.730556	35.998689	98.461985	-56.358672	-37.757818	38.983606	75.863551	-80.254576	10.606993	78.024884	-99.839173	
600	-54.864317	1.528210	44.145801	-21.351171	-76.062593	10.123136	56.315788	-12.236407	-81.703661	-84.027780	96.304318	25.586758	-5.412889	19.910709	-9.145402	-35.779804	-48.465602	50.148370	-50.276282	-22.730556	35.998689	98.461985	-56.358672	-37.757818	38.983606	75.863551	-80.254576	10.606993	78.024884	-99.839173	
750	-54.864317	1.528210	44.145801	-21.351171	-76.062593	10.123136	56.315788	-12.236407	-81.703661	-84.027780	96.304318	25.586758	-5.412889	19.910709	-9.145402	-35.779804	-48.465602	50.148370	-50.276282	-22.730556	35.998689	98.461985	-56.358672	-37.757818	38.983606	75.863551	-80.254576	10.606993	78.024884	-99.839173	
900	-54.864317	1.528210	44.145801	-21.351171	-76.062593	10.123136	56.315788	-12.236407	-81.703661	-84.027780	96.304318	25.586758	-5.412889	19.910709	-9.145402	-35.779804	-48.465602	50.148370	-50.276282	-22.730556	35.998689	98.461985	-56.358672	-37.757818	38.983606	75.863551	-80.254576	10.606993	78.024884	-99.839173	
1050	-54.864317	1.528210	44.145801	-21.351171	-76.062593	10.123136	56.315788	-12.236407	-81.703661	-84.027780	96.304318	25.586758	-5.412889	19.910709	-9.145402	-35.779804	-48.465602	50.148370	-50.276282	-22.730556	35.998689	98.461985	-56.358672	-37.757818	38.983606	75.863551	-80.254576	10.606993	78.024884	-99.839173	
1200	-40.430563	-81.972264	13.613939	-1.217788	-24.894534	-80.985901	-27.506903	88.861805	29.632371	-1.245289	-45.995014	63.894406	-52.974785	85.756126	-83.657017	-30.221403	62.768427	32.903039	56.684735	55.975627	79.969469	-37.772564	78.545330	-72.432836	-84.403604	-21.052860	36.882758	16.572521	-0.402977	8.870254	
1350	-40.430563	-81.972264	13.613939	-1.217788	-24.894534	-80.985901	-27.506903	88.861805	29.632371	-1.245289	-45.995014	63.894406	-52.974785	85.756126	-83.657017	-30.221403	62.768427	32.903039	56.684735	55.975627	79.969469	-37.772564	78.545330	-72.432836	-84.403604	-21.052860	36.882758	16.572521	-0.402977	8.870254	
1500	-40.430563	-81.972264	13.613939	-1.217788	-24.894534	-80.985901	-27.506903	88.861805	29.632371	-1.245289	-45.995014	63.894406	-52.974785	85.756126	-83.657017	-30.221403	62.768427	32.903039	56.684735	55.975627	79.969469	-37.772564	78.545330	-72.432836	-84.403604	-21.052860	36.882758	16.572521	-0.402977	8.870254	
