     % Run	                  15	                  30	                  45	                  60	                  75	                  90	                 105	                 120	                 135	                 150	                 300	                 450	                 600	                 750	                 900	                1050	                1200	                1350	                1500	
         1	        5.062855e+02	        5.061643e+02	        5.061643e+02	        5.061643e+02	        5.061643e+02	        5.061643e+02	        5.061643e+02	        5.061643e+02	        5.061643e+02	        5.061643e+02	        5.049605e+02	        5.047304e+02	        5.047304e+02	        5.047304e+02	        5.047304e+02	        5.046318e+02	        5.046318e+02	        5.046318e+02	        5.045370e+02	
         2	        5.094759e+02	        5.055238e+02	        5.055238e+02	        5.055238e+02	        5.055238e+02	        5.055238e+02	        5.055238e+02	        5.055238e+02	        5.055238e+02	        5.055238e+02	        5.055238e+02	        5.050093e+02	        5.050093e+02	        5.050093e+02	        5.050093e+02	        5.050093e+02	        5.050093e+02	        5.050093e+02	        5.050093e+02	
         3	        5.080462e+02	        5.069494e+02	        5.042341e+02	        5.042341e+02	        5.042341e+02	        5.042341e+02	        5.042341e+02	        5.042341e+02	        5.042341e+02	        5.042341e+02	        5.042341e+02	        5.042341e+02	        5.042341e+02	        5.042341e+02	        5.042341e+02	        5.042341e+02	        5.042341e+02	        5.042341e+02	        5.042341e+02	
         4	        5.065026e+02	        5.065026e+02	        5.065026e+02	        5.065026e+02	        5.065026e+02	        5.065026e+02	        5.056325e+02	        5.056325e+02	        5.056325e+02	        5.056325e+02	        5.041548e+02	        5.041548e+02	        5.041548e+02	        5.041044e+02	        5.041044e+02	        5.041044e+02	        5.041044e+02	        5.041044e+02	        5.041044e+02	
         5	        5.083111e+02	        5.083111e+02	        5.057129e+02	        5.051837e+02	        5.051837e+02	        5.051837e+02	        5.051837e+02	        5.051837e+02	        5.051837e+02	        5.051837e+02	        5.051837e+02	        5.051837e+02	        5.044882e+02	        5.044882e+02	        5.033366e+02	        5.033366e+02	        5.033366e+02	        5.033366e+02	        5.033366e+02	
         6	        5.072758e+02	        5.071581e+02	        5.071581e+02	        5.071581e+02	        5.071581e+02	        5.062588e+02	        5.062588e+02	        5.062588e+02	        5.062588e+02	        5.062588e+02	        5.062588e+02	        5.062588e+02	        5.058113e+02	        5.058113e+02	        5.058113e+02	        5.057683e+02	        5.037181e+02	        5.037181e+02	        5.037181e+02	
         7	        5.096408e+02	        5.092587e+02	        5.085354e+02	        5.070288e+02	        5.070288e+02	        5.070288e+02	        5.066248e+02	        5.066248e+02	        5.066248e+02	        5.066248e+02	        5.045603e+02	        5.045603e+02	        5.045603e+02	        5.045603e+02	        5.045603e+02	        5.045603e+02	        5.041800e+02	        5.041800e+02	        5.041800e+02	
         8	        5.084303e+02	        5.081786e+02	        5.061336e+02	        5.061336e+02	        5.061336e+02	        5.061336e+02	        5.061336e+02	        5.061336e+02	        5.061336e+02	        5.061336e+02	        5.061336e+02	        5.058243e+02	        5.057622e+02	        5.057622e+02	        5.054402e+02	        5.052344e+02	        5.052344e+02	        5.052344e+02	        5.052344e+02	
         9	        5.046522e+02	        5.032859e+02	        5.032859e+02	        5.032859e+02	        5.032859e+02	        5.032859e+02	        5.032859e+02	        5.032859e+02	        5.032859e+02	        5.032859e+02	        5.032859e+02	        5.032859e+02	        5.032859e+02	        5.032859e+02	        5.032859e+02	        5.032859e+02	        5.032859e+02	        5.032859e+02	        5.032859e+02	
        10	        5.069053e+02	        5.069053e+02	        5.069053e+02	        5.069053e+02	        5.062543e+02	        5.062543e+02	        5.062543e+02	        5.062543e+02	        5.062543e+02	        5.062543e+02	        5.051398e+02	        5.051398e+02	        5.046117e+02	        5.046117e+02	        5.046117e+02	        5.046117e+02	        5.046117e+02	        5.046117e+02	        5.042797e+02	
        11	        5.086176e+02	        5.055564e+02	        5.055564e+02	        5.055564e+02	        5.055564e+02	        5.055564e+02	        5.055564e+02	        5.055564e+02	        5.055564e+02	        5.055564e+02	        5.045173e+02	        5.045173e+02	        5.035680e+02	        5.035680e+02	        5.035680e+02	        5.035680e+02	        5.035680e+02	        5.035680e+02	        5.035680e+02	
        12	        5.061676e+02	        5.061676e+02	        5.056708e+02	        5.056708e+02	        5.056708e+02	        5.056708e+02	        5.056708e+02	        5.056708e+02	        5.056708e+02	        5.056708e+02	        5.056708e+02	        5.049690e+02	        5.049690e+02	        5.049690e+02	        5.046651e+02	        5.046651e+02	        5.046651e+02	        5.046651e+02	        5.046651e+02	
        13	        5.091896e+02	        5.091896e+02	        5.057035e+02	        5.057035e+02	        5.057035e+02	        5.057035e+02	        5.057035e+02	        5.057035e+02	        5.057035e+02	        5.057035e+02	        5.057035e+02	        5.057035e+02	        5.043994e+02	        5.043994e+02	        5.043994e+02	        5.043994e+02	        5.043994e+02	        5.043994e+02	        5.043994e+02	
        14	        5.081659e+02	        5.081659e+02	        5.080488e+02	        5.062574e+02	        5.062574e+02	        5.058483e+02	        5.058483e+02	        5.058483e+02	        5.058483e+02	        5.058483e+02	        5.041140e+02	        5.041140e+02	        5.041140e+02	        5.041140e+02	        5.041140e+02	        5.041140e+02	        5.041140e+02	        5.032738e+02	        5.032738e+02	
        15	        5.098399e+02	        5.065956e+02	        5.065956e+02	        5.065956e+02	        5.065956e+02	        5.065956e+02	        5.063519e+02	        5.063519e+02	        5.063519e+02	        5.063519e+02	        5.043187e+02	        5.043187e+02	        5.043187e+02	        5.043187e+02	        5.043187e+02	        5.043187e+02	        5.043187e+02	        5.043187e+02	        5.043187e+02	
        16	        5.083034e+02	        5.083034e+02	        5.065158e+02	        5.065158e+02	        5.065158e+02	        5.065158e+02	        5.059828e+02	        5.059828e+02	        5.059828e+02	        5.059828e+02	        5.059828e+02	        5.059322e+02	        5.059322e+02	        5.051371e+02	        5.051371e+02	        5.051371e+02	        5.048747e+02	        5.048747e+02	        5.048747e+02	
        17	        5.091548e+02	        5.068684e+02	        5.068684e+02	        5.068684e+02	        5.047353e+02	        5.047353e+02	        5.047353e+02	        5.047353e+02	        5.047265e+02	        5.047265e+02	        5.047265e+02	        5.041035e+02	        5.041035e+02	        5.041035e+02	        5.041035e+02	        5.041035e+02	        5.041035e+02	        5.041035e+02	        5.041035e+02	
        18	        5.093898e+02	        5.093898e+02	        5.093898e+02	        5.078279e+02	        5.077815e+02	        5.077815e+02	        5.077815e+02	        5.067136e+02	        5.067136e+02	        5.064784e+02	        5.042831e+02	        5.042831e+02	        5.042831e+02	        5.042831e+02	        5.042831e+02	        5.042831e+02	        5.042831e+02	        5.042831e+02	        5.042831e+02	
        19	        5.073809e+02	        5.073809e+02	        5.073809e+02	        5.073809e+02	        5.073809e+02	        5.073809e+02	        5.063024e+02	        5.063024e+02	        5.063024e+02	        5.063024e+02	        5.063024e+02	        5.062555e+02	        5.062555e+02	        5.062555e+02	        5.039827e+02	        5.039827e+02	        5.039827e+02	        5.039827e+02	        5.039827e+02	
        20	        5.100902e+02	        5.100458e+02	        5.077330e+02	        5.077330e+02	        5.067893e+02	        5.058802e+02	        5.058802e+02	        5.058802e+02	        5.058802e+02	        5.058802e+02	        5.058802e+02	        5.049835e+02	        5.030279e+02	        5.030279e+02	        5.030279e+02	        5.030279e+02	        5.030279e+02	        5.030279e+02	        5.030279e+02	
