%count	x
15	-86.490052	21.278941	-85.864522	-46.684727	14.385287	-65.151523	-21.459504	-81.189663	-17.346382	-69.416883	98.324164	-73.988662	9.956937	14.754795	21.983570	66.731212	45.650395	2.998159	52.604242	-21.451041	-52.345499	-38.930347	57.620717	-74.144717	92.575146	-95.074288	13.773139	67.212667	52.305913	-37.511149	
30	-86.490052	21.278941	-85.864522	-46.684727	14.385287	-65.151523	-21.459504	-81.189663	-17.346382	-69.416883	98.324164	-73.988662	9.956937	14.754795	21.983570	66.731212	45.650395	2.998159	52.604242	-21.451041	-52.345499	-38.930347	57.620717	-74.144717	92.575146	-95.074288	13.773139	67.212667	52.305913	-37.511149	
45	-86.490052	21.278941	-85.864522	-46.684727	14.385287	-65.151523	-21.459504	-81.189663	-17.346382	-69.416883	98.324164	-73.988662	9.956937	14.754795	21.983570	66.731212	45.650395	2.998159	52.604242	-21.451041	-52.345499	-38.930347	57.620717	-74.144717	92.575146	-95.074288	13.773139	67.212667	52.305913	-37.511149	
60	-4.251289	92.356435	60.550631	63.355537	-42.244233	48.654086	17.725346	-35.364278	-60.327584	19.634569	93.379684	-88.916795	-88.437100	-45.145467	-79.747356	-34.229720	6.683333	-92.871100	1.138892	-57.467279	45.790720	6.045096	-23.311467	64.827295	28.760903	36.343830	21.229292	-98.344304	30.164984	-45.566191	
75	-4.251289	92.356435	60.550631	63.355537	-42.244233	48.654086	17.725346	-35.364278	-60.327584	19.634569	93.379684	-88.916795	-88.437100	-45.145467	-79.747356	-34.229720	6.683333	-92.871100	1.138892	-57.467279	45.790720	6.045096	-23.311467	64.827295	28.760903	36.343830	21.229292	-98.344304	30.164984	-45.566191	
90	-4.251289	92.356435	60.550631	63.355537	-42.244233	48.654086	17.725346	-35.364278	-60.327584	19.634569	93.379684	-88.916795	-88.437100	-45.145467	-79.747356	-34.229720	6.683333	-92.871100	1.138892	-57.467279	45.790720	6.045096	-23.311467	64.827295	28.760903	36.343830	21.229292	-98.344304	30.164984	-45.566191	
105	-4.251289	92.356435	60.550631	63.355537	-42.244233	48.654086	17.725346	-35.364278	-60.327584	19.634569	93.379684	-88.916795	-88.437100	-45.145467	-79.747356	-34.229720	6.683333	-92.871100	1.138892	-57.467279	45.790720	6.045096	-23.311467	64.827295	28.760903	36.343830	21.229292	-98.344304	30.164984	-45.566191	
120	-4.251289	92.356435	60.550631	63.355537	-42.244233	48.654086	17.725346	-35.364278	-60.327584	19.634569	93.379684	-88.916795	-88.437100	-45.145467	-79.747356	-34.229720	6.683333	-92.871100	1.138892	-57.467279	45.790720	6.045096	-23.311467	64.827295	28.760903	36.343830	21.229292	-98.344304	30.164984	-45.566191	
135	-4.251289	92.356435	60.550631	63.355537	-42.244233	48.654086	17.725346	-35.364278	-60.327584	19.634569	93.379684	-88.916795	-88.437100	-45.145467	-79.747356	-34.229720	6.683333	-92.871100	1.138892	-57.467279	45.790720	6.045096	-23.311467	64.827295	28.760903	36.343830	21.229292	-98.344304	30.164984	-45.566191	
150	-4.251289	92.356435	60.550631	63.355537	-42.244233	48.654086	17.725346	-35.364278	-60.327584	19.634569	93.379684	-88.916795	-88.437100	-45.145467	-79.747356	-34.229720	6.683333	-92.871100	1.138892	-57.467279	45.790720	6.045096	-23.311467	64.827295	28.760903	36.343830	21.229292	-98.344304	30.164984	-45.566191	
300	62.805182	88.972556	90.446012	41.401402	15.144191	-36.973670	16.819934	-38.215333	56.719588	24.298502	-85.044682	-36.400643	-12.810245	-71.911481	97.958406	50.558616	-0.670047	-62.812475	45.082288	-49.435639	15.994489	26.944863	49.376459	-69.482087	-67.109090	-84.543747	-71.244293	-92.286617	57.237758	-61.438640	
450	62.805182	88.972556	90.446012	41.401402	15.144191	-36.973670	16.819934	-38.215333	56.719588	24.298502	-85.044682	-36.400643	-12.810245	-71.911481	97.958406	50.558616	-0.670047	-62.812475	45.082288	-49.435639	15.994489	26.944863	49.376459	-69.482087	-67.109090	-84.543747	-71.244293	-92.286617	57.237758	-61.438640	
600	62.805182	88.972556	90.446012	41.401402	15.144191	-36.973670	16.819934	-38.215333	56.719588	24.298502	-85.044682	-36.400643	-12.810245	-71.911481	97.958406	50.558616	-0.670047	-62.812475	45.082288	-49.435639	15.994489	26.944863	49.376459	-69.482087	-67.109090	-84.543747	-71.244293	-92.286617	57.237758	-61.438640	
750	36.034835	-82.818652	-72.123836	51.397715	-43.372095	-8.403374	-88.705100	-7.465812	-5.028978	70.396961	7.938938	-16.664638	61.099838	-12.804007	64.254755	-32.611784	93.271797	-31.931585	86.261428	-2.642758	-45.610441	31.092737	-44.091800	-31.921367	-53.462573	-73.225563	-32.883775	-39.579462	-2.103056	29.446176	
900	36.034835	-82.818652	-72.123836	51.397715	-43.372095	-8.403374	-88.705100	-7.465812	-5.028978	70.396961	7.938938	-16.664638	61.099838	-12.804007	64.254755	-32.611784	93.271797	-31.931585	86.261428	-2.642758	-45.610441	31.092737	-44.091800	-31.921367	-53.462573	-73.225563	-32.883775	-39.579462	-2.103056	29.446176	
1050	36.034835	-82.818652	-72.123836	51.397715	-43.372095	-8.403374	-88.705100	-7.465812	-5.028978	70.396961	7.938938	-16.664638	61.099838	-12.804007	64.254755	-32.611784	93.271797	-31.931585	86.261428	-2.642758	-45.610441	31.092737	-44.091800	-31.921367	-53.462573	-73.225563	-32.883775	-39.579462	-2.103056	29.446176	
1200	36.034835	-82.818652	-72.123836	51.397715	-43.372095	-8.403374	-88.705100	-7.465812	-5.028978	70.396961	7.938938	-16.664638	61.099838	-12.804007	64.254755	-32.611784	93.271797	-31.931585	86.261428	-2.642758	-45.610441	31.092737	-44.091800	-31.921367	-53.462573	-73.225563	-32.883775	-39.579462	-2.103056	29.446176	
1350	36.034835	-82.818652	-72.123836	51.397715	-43.372095	-8.403374	-88.705100	-7.465812	-5.028978	70.396961	7.938938	-16.664638	61.099838	-12.804007	64.254755	-32.611784	93.271797	-31.931585	86.261428	-2.642758	-45.610441	31.092737	-44.091800	-31.921367	-53.462573	-73.225563	-32.883775	-39.579462	-2.103056	29.446176	
1500	92.458977	-28.104479	-38.266054	0.714857	70.344590	27.449594	-4.018300	-42.112876	-46.611028	54.194741	-78.993892	-2.291723	83.316603	-28.704558	46.228802	6.517836	32.047929	-95.396700	95.059046	2.902778	53.663928	37.719451	-98.459359	-1.002895	24.082974	-74.294512	-56.052556	-20.948571	-74.565124	-11.900102	
