%count	x
15	33.752584	80.463600	37.427835	-64.446490	40.384834	44.485037	14.929594	-40.316626	-54.716876	1.351011	-69.012631	-80.573610	-39.348537	47.397179	-57.690829	-94.828150	-91.771822	-33.410552	-57.485646	-77.681646	64.611673	70.245648	96.277524	89.232492	-25.022865	-46.941237	76.600417	-75.199724	-68.944664	-12.833557	
30	33.752584	80.463600	37.427835	-64.446490	40.384834	44.485037	14.929594	-40.316626	-54.716876	1.351011	-69.012631	-80.573610	-39.348537	47.397179	-57.690829	-94.828150	-91.771822	-33.410552	-57.485646	-77.681646	64.611673	70.245648	96.277524	89.232492	-25.022865	-46.941237	76.600417	-75.199724	-68.944664	-12.833557	
45	33.752584	80.463600	37.427835	-64.446490	40.384834	44.485037	14.929594	-40.316626	-54.716876	1.351011	-69.012631	-80.573610	-39.348537	47.397179	-57.690829	-94.828150	-91.771822	-33.410552	-57.485646	-77.681646	64.611673	70.245648	96.277524	89.232492	-25.022865	-46.941237	76.600417	-75.199724	-68.944664	-12.833557	
60	33.752584	80.463600	37.427835	-64.446490	40.384834	44.485037	14.929594	-40.316626	-54.716876	1.351011	-69.012631	-80.573610	-39.348537	47.397179	-57.690829	-94.828150	-91.771822	-33.410552	-57.485646	-77.681646	64.611673	70.245648	96.277524	89.232492	-25.022865	-46.941237	76.600417	-75.199724	-68.944664	-12.833557	
75	33.752584	80.463600	37.427835	-64.446490	40.384834	44.485037	14.929594	-40.316626	-54.716876	1.351011	-69.012631	-80.573610	-39.348537	47.397179	-57.690829	-94.828150	-91.771822	-33.410552	-57.485646	-77.681646	64.611673	70.245648	96.277524	89.232492	-25.022865	-46.941237	76.600417	-75.199724	-68.944664	-12.833557	
90	33.752584	80.463600	37.427835	-64.446490	40.384834	44.485037	14.929594	-40.316626	-54.716876	1.351011	-69.012631	-80.573610	-39.348537	47.397179	-57.690829	-94.828150	-91.771822	-33.410552	-57.485646	-77.681646	64.611673	70.245648	96.277524	89.232492	-25.022865	-46.941237	76.600417	-75.199724	-68.944664	-12.833557	
105	33.752584	80.463600	37.427835	-64.446490	40.384834	44.485037	14.929594	-40.316626	-54.716876	1.351011	-69.012631	-80.573610	-39.348537	47.397179	-57.690829	-94.828150	-91.771822	-33.410552	-57.485646	-77.681646	64.611673	70.245648	96.277524	89.232492	-25.022865	-46.941237	76.600417	-75.199724	-68.944664	-12.833557	
120	33.752584	80.463600	37.427835	-64.446490	40.384834	44.485037	14.929594	-40.316626	-54.716876	1.351011	-69.012631	-80.573610	-39.348537	47.397179	-57.690829	-94.828150	-91.771822	-33.410552	-57.485646	-77.681646	64.611673	70.245648	96.277524	89.232492	-25.022865	-46.941237	76.600417	-75.199724	-68.944664	-12.833557	
135	33.752584	80.463600	37.427835	-64.446490	40.384834	44.485037	14.929594	-40.316626	-54.716876	1.351011	-69.012631	-80.573610	-39.348537	47.397179	-57.690829	-94.828150	-91.771822	-33.410552	-57.485646	-77.681646	64.611673	70.245648	96.277524	89.232492	-25.022865	-46.941237	76.600417	-75.199724	-68.944664	-12.833557	
150	33.752584	80.463600	37.427835	-64.446490	40.384834	44.485037	14.929594	-40.316626	-54.716876	1.351011	-69.012631	-80.573610	-39.348537	47.397179	-57.690829	-94.828150	-91.771822	-33.410552	-57.485646	-77.681646	64.611673	70.245648	96.277524	89.232492	-25.022865	-46.941237	76.600417	-75.199724	-68.944664	-12.833557	
300	33.752584	80.463600	37.427835	-64.446490	40.384834	44.485037	14.929594	-40.316626	-54.716876	1.351011	-69.012631	-80.573610	-39.348537	47.397179	-57.690829	-94.828150	-91.771822	-33.410552	-57.485646	-77.681646	64.611673	70.245648	96.277524	89.232492	-25.022865	-46.941237	76.600417	-75.199724	-68.944664	-12.833557	
450	33.752584	80.463600	37.427835	-64.446490	40.384834	44.485037	14.929594	-40.316626	-54.716876	1.351011	-69.012631	-80.573610	-39.348537	47.397179	-57.690829	-94.828150	-91.771822	-33.410552	-57.485646	-77.681646	64.611673	70.245648	96.277524	89.232492	-25.022865	-46.941237	76.600417	-75.199724	-68.944664	-12.833557	
600	33.253314	85.767092	-63.645709	-41.988526	-82.223779	82.002145	-84.745592	-88.902501	40.518048	43.465106	38.597255	99.713069	67.913865	-37.385525	-67.363113	-30.856394	34.214331	-7.309814	-28.372462	23.398743	-77.519493	47.326921	-21.412397	-42.357735	-36.925315	-93.161576	85.480426	50.434144	57.858030	44.135230	
750	19.613270	79.480470	82.641832	29.572942	54.256303	53.985291	41.970052	88.945075	71.683185	20.630243	37.684893	49.205858	58.812662	-21.239354	-98.971850	-31.172557	-11.128111	-75.627579	99.564202	-97.944582	-39.014030	45.382717	51.632659	-55.876774	-22.718669	52.166492	6.906014	-94.992453	57.591694	-2.845882	
900	19.613270	79.480470	82.641832	29.572942	54.256303	53.985291	41.970052	88.945075	71.683185	20.630243	37.684893	49.205858	58.812662	-21.239354	-98.971850	-31.172557	-11.128111	-75.627579	99.564202	-97.944582	-39.014030	45.382717	51.632659	-55.876774	-22.718669	52.166492	6.906014	-94.992453	57.591694	-2.845882	
1050	-80.353206	-14.213809	-18.277824	-8.054244	78.864715	-18.407962	84.103889	-33.870113	83.211472	-83.326756	-40.538232	-65.763798	-0.980228	-84.541999	-17.161588	-38.886640	59.223814	60.463408	34.444510	-24.554778	90.585097	-37.407785	-52.553440	18.557724	-96.890873	-84.696508	-18.129114	40.472608	-52.911178	-21.987783	
1200	-80.353206	-14.213809	-18.277824	-8.054244	78.864715	-18.407962	84.103889	-33.870113	83.211472	-83.326756	-40.538232	-65.763798	-0.980228	-84.541999	-17.161588	-38.886640	59.223814	60.463408	34.444510	-24.554778	90.585097	-37.407785	-52.553440	18.557724	-96.890873	-84.696508	-18.129114	40.472608	-52.911178	-21.987783	
1350	-80.353206	-14.213809	-18.277824	-8.054244	78.864715	-18.407962	84.103889	-33.870113	83.211472	-83.326756	-40.538232	-65.763798	-0.980228	-84.541999	-17.161588	-38.886640	59.223814	60.463408	34.444510	-24.554778	90.585097	-37.407785	-52.553440	18.557724	-96.890873	-84.696508	-18.129114	40.472608	-52.911178	-21.987783	
1500	-80.353206	-14.213809	-18.277824	-8.054244	78.864715	-18.407962	84.103889	-33.870113	83.211472	-83.326756	-40.538232	-65.763798	-0.980228	-84.541999	-17.161588	-38.886640	59.223814	60.463408	34.444510	-24.554778	90.585097	-37.407785	-52.553440	18.557724	-96.890873	-84.696508	-18.129114	40.472608	-52.911178	-21.987783	
