%count	x
15	3.824943	26.912423	-43.275113	-24.413262	-72.203501	-2.201081	41.674727	-84.779143	53.177416	36.640978	-20.023683	-87.247123	58.754596	-76.317295	72.760728	-31.441200	91.619700	58.080061	60.027948	31.967727	-36.845449	-71.805764	48.854876	36.477406	31.140583	82.597636	-20.422474	-20.910070	57.626958	33.046126	
30	14.525127	-42.522838	6.450524	-91.666441	9.745084	-88.606627	7.272750	77.612741	8.391695	82.443977	-84.284739	-52.359028	-84.505623	54.338923	-50.125297	23.701563	62.262192	-12.428365	-53.025897	-58.970146	-83.542120	-86.912106	63.424739	37.267601	-58.756742	90.577194	12.316604	-84.316252	16.043563	54.893576	
45	14.525127	-42.522838	6.450524	-91.666441	9.745084	-88.606627	7.272750	77.612741	8.391695	82.443977	-84.284739	-52.359028	-84.505623	54.338923	-50.125297	23.701563	62.262192	-12.428365	-53.025897	-58.970146	-83.542120	-86.912106	63.424739	37.267601	-58.756742	90.577194	12.316604	-84.316252	16.043563	54.893576	
60	14.525127	-42.522838	6.450524	-91.666441	9.745084	-88.606627	7.272750	77.612741	8.391695	82.443977	-84.284739	-52.359028	-84.505623	54.338923	-50.125297	23.701563	62.262192	-12.428365	-53.025897	-58.970146	-83.542120	-86.912106	63.424739	37.267601	-58.756742	90.577194	12.316604	-84.316252	16.043563	54.893576	
75	14.525127	-42.522838	6.450524	-91.666441	9.745084	-88.606627	7.272750	77.612741	8.391695	82.443977	-84.284739	-52.359028	-84.505623	54.338923	-50.125297	23.701563	62.262192	-12.428365	-53.025897	-58.970146	-83.542120	-86.912106	63.424739	37.267601	-58.756742	90.577194	12.316604	-84.316252	16.043563	54.893576	
90	14.525127	-42.522838	6.450524	-91.666441	9.745084	-88.606627	7.272750	77.612741	8.391695	82.443977	-84.284739	-52.359028	-84.505623	54.338923	-50.125297	23.701563	62.262192	-12.428365	-53.025897	-58.970146	-83.542120	-86.912106	63.424739	37.267601	-58.756742	90.577194	12.316604	-84.316252	16.043563	54.893576	
105	14.525127	-42.522838	6.450524	-91.666441	9.745084	-88.606627	7.272750	77.612741	8.391695	82.443977	-84.284739	-52.359028	-84.505623	54.338923	-50.125297	23.701563	62.262192	-12.428365	-53.025897	-58.970146	-83.542120	-86.912106	63.424739	37.267601	-58.756742	90.577194	12.316604	-84.316252	16.043563	54.893576	
120	14.525127	-42.522838	6.450524	-91.666441	9.745084	-88.606627	7.272750	77.612741	8.391695	82.443977	-84.284739	-52.359028	-84.505623	54.338923	-50.125297	23.701563	62.262192	-12.428365	-53.025897	-58.970146	-83.542120	-86.912106	63.424739	37.267601	-58.756742	90.577194	12.316604	-84.316252	16.043563	54.893576	
135	14.525127	-42.522838	6.450524	-91.666441	9.745084	-88.606627	7.272750	77.612741	8.391695	82.443977	-84.284739	-52.359028	-84.505623	54.338923	-50.125297	23.701563	62.262192	-12.428365	-53.025897	-58.970146	-83.542120	-86.912106	63.424739	37.267601	-58.756742	90.577194	12.316604	-84.316252	16.043563	54.893576	
150	14.525127	-42.522838	6.450524	-91.666441	9.745084	-88.606627	7.272750	77.612741	8.391695	82.443977	-84.284739	-52.359028	-84.505623	54.338923	-50.125297	23.701563	62.262192	-12.428365	-53.025897	-58.970146	-83.542120	-86.912106	63.424739	37.267601	-58.756742	90.577194	12.316604	-84.316252	16.043563	54.893576	
300	-24.382569	-97.928645	26.036303	-13.652184	-15.973226	-44.948081	57.865879	3.198617	3.345961	94.707325	48.990731	-4.238523	51.577267	-58.145189	-83.399826	26.477680	98.038617	23.801137	34.975332	-54.844424	69.546377	-11.503282	-26.158243	-95.850637	-58.301396	14.012975	57.460890	71.986747	95.823666	-99.746505	
450	-24.382569	-97.928645	26.036303	-13.652184	-15.973226	-44.948081	57.865879	3.198617	3.345961	94.707325	48.990731	-4.238523	51.577267	-58.145189	-83.399826	26.477680	98.038617	23.801137	34.975332	-54.844424	69.546377	-11.503282	-26.158243	-95.850637	-58.301396	14.012975	57.460890	71.986747	95.823666	-99.746505	
600	-24.382569	-97.928645	26.036303	-13.652184	-15.973226	-44.948081	57.865879	3.198617	3.345961	94.707325	48.990731	-4.238523	51.577267	-58.145189	-83.399826	26.477680	98.038617	23.801137	34.975332	-54.844424	69.546377	-11.503282	-26.158243	-95.850637	-58.301396	14.012975	57.460890	71.986747	95.823666	-99.746505	
750	-24.382569	-97.928645	26.036303	-13.652184	-15.973226	-44.948081	57.865879	3.198617	3.345961	94.707325	48.990731	-4.238523	51.577267	-58.145189	-83.399826	26.477680	98.038617	23.801137	34.975332	-54.844424	69.546377	-11.503282	-26.158243	-95.850637	-58.301396	14.012975	57.460890	71.986747	95.823666	-99.746505	
900	47.450085	76.700513	62.418613	-18.903722	-65.717414	-15.488091	80.567508	-82.030961	-55.415897	-75.389143	43.562945	84.927345	-30.594454	-44.640224	58.817628	-57.196953	83.800254	54.120612	-53.084403	18.354810	-73.992727	-62.392231	76.414238	40.289868	-94.625339	27.825614	64.828784	-14.194963	83.217476	30.525104	
1050	47.450085	76.700513	62.418613	-18.903722	-65.717414	-15.488091	80.567508	-82.030961	-55.415897	-75.389143	43.562945	84.927345	-30.594454	-44.640224	58.817628	-57.196953	83.800254	54.120612	-53.084403	18.354810	-73.992727	-62.392231	76.414238	40.289868	-94.625339	27.825614	64.828784	-14.194963	83.217476	30.525104	
1200	47.450085	76.700513	62.418613	-18.903722	-65.717414	-15.488091	80.567508	-82.030961	-55.415897	-75.389143	43.562945	84.927345	-30.594454	-44.640224	58.817628	-57.196953	83.800254	54.120612	-53.084403	18.354810	-73.992727	-62.392231	76.414238	40.289868	-94.625339	27.825614	64.828784	-14.194963	83.217476	30.525104	
1350	47.450085	76.700513	62.418613	-18.903722	-65.717414	-15.488091	80.567508	-82.030961	-55.415897	-75.389143	43.562945	84.927345	-30.594454	-44.640224	58.817628	-57.196953	83.800254	54.120612	-53.084403	18.354810	-73.992727	-62.392231	76.414238	40.289868	-94.625339	27.825614	64.828784	-14.194963	83.217476	30.525104	
1500	47.450085	76.700513	62.418613	-18.903722	-65.717414	-15.488091	80.567508	-82.030961	-55.415897	-75.389143	43.562945	84.927345	-30.594454	-44.640224	58.817628	-57.196953	83.800254	54.120612	-53.084403	18.354810	-73.992727	-62.392231	76.414238	40.289868	-94.625339	27.825614	64.828784	-14.194963	83.217476	30.525104	
