%count	x
15	59.309876	-73.813714	99.865319	-38.629902	74.503863	-8.456332	28.571515	53.509951	-71.226116	-33.347485	10.638835	-73.138578	-51.859603	63.723527	-63.488005	84.462529	-84.004705	-25.962614	82.890128	71.650224	-52.553440	98.353992	50.338626	55.394787	46.703577	-43.979837	-34.933076	18.936747	11.581751	-59.303797	
30	59.309876	-73.813714	99.865319	-38.629902	74.503863	-8.456332	28.571515	53.509951	-71.226116	-33.347485	10.638835	-73.138578	-51.859603	63.723527	-63.488005	84.462529	-84.004705	-25.962614	82.890128	71.650224	-52.553440	98.353992	50.338626	55.394787	46.703577	-43.979837	-34.933076	18.936747	11.581751	-59.303797	
45	59.309876	-73.813714	99.865319	-38.629902	74.503863	-8.456332	28.571515	53.509951	-71.226116	-33.347485	10.638835	-73.138578	-51.859603	63.723527	-63.488005	84.462529	-84.004705	-25.962614	82.890128	71.650224	-52.553440	98.353992	50.338626	55.394787	46.703577	-43.979837	-34.933076	18.936747	11.581751	-59.303797	
60	59.309876	-73.813714	99.865319	-38.629902	74.503863	-8.456332	28.571515	53.509951	-71.226116	-33.347485	10.638835	-73.138578	-51.859603	63.723527	-63.488005	84.462529	-84.004705	-25.962614	82.890128	71.650224	-52.553440	98.353992	50.338626	55.394787	46.703577	-43.979837	-34.933076	18.936747	11.581751	-59.303797	
75	59.309876	-73.813714	99.865319	-38.629902	74.503863	-8.456332	28.571515	53.509951	-71.226116	-33.347485	10.638835	-73.138578	-51.859603	63.723527	-63.488005	84.462529	-84.004705	-25.962614	82.890128	71.650224	-52.553440	98.353992	50.338626	55.394787	46.703577	-43.979837	-34.933076	18.936747	11.581751	-59.303797	
90	-65.447823	-25.461984	-36.382564	-67.045165	47.068811	8.116531	37.925741	15.621965	99.224680	-15.943050	43.773120	-39.618166	12.505502	45.244502	-65.951257	20.327161	1.767072	-87.708095	75.764482	-54.713029	9.841685	-37.847355	-13.972848	68.343981	-97.385849	-44.681486	-25.835348	53.952973	74.881617	17.428550	
105	-16.340193	-52.228704	-98.036416	90.510437	-36.136090	-10.626583	71.431684	62.098966	-62.486884	-31.043825	45.794279	-78.684857	-74.343623	-24.111802	-74.860179	58.942728	35.480153	-92.739599	-56.330872	33.797913	85.886061	-76.434714	61.470217	22.591889	-74.727839	-36.664873	-42.854693	59.797423	48.099329	-34.315948	
120	-16.340193	-52.228704	-98.036416	90.510437	-36.136090	-10.626583	71.431684	62.098966	-62.486884	-31.043825	45.794279	-78.684857	-74.343623	-24.111802	-74.860179	58.942728	35.480153	-92.739599	-56.330872	33.797913	85.886061	-76.434714	61.470217	22.591889	-74.727839	-36.664873	-42.854693	59.797423	48.099329	-34.315948	
135	-16.340193	-52.228704	-98.036416	90.510437	-36.136090	-10.626583	71.431684	62.098966	-62.486884	-31.043825	45.794279	-78.684857	-74.343623	-24.111802	-74.860179	58.942728	35.480153	-92.739599	-56.330872	33.797913	85.886061	-76.434714	61.470217	22.591889	-74.727839	-36.664873	-42.854693	59.797423	48.099329	-34.315948	
150	-66.088933	72.631151	-21.802127	-14.702002	15.917051	-44.550909	78.282648	-86.645859	-30.964541	3.647999	74.229738	-76.804961	55.210767	-19.953999	69.427759	-75.794838	-94.731037	67.663889	57.894926	-19.457534	-37.233702	-53.714670	44.631572	11.925997	29.153691	65.067980	-24.134050	44.608570	54.976283	-66.773662	
300	-66.088933	72.631151	-21.802127	-14.702002	15.917051	-44.550909	78.282648	-86.645859	-30.964541	3.647999	74.229738	-76.804961	55.210767	-19.953999	69.427759	-75.794838	-94.731037	67.663889	57.894926	-19.457534	-37.233702	-53.714670	44.631572	11.925997	29.153691	65.067980	-24.134050	44.608570	54.976283	-66.773662	
450	-16.818958	-60.852953	31.508529	-70.997743	-11.244386	74.340897	-77.156156	93.873873	-31.653552	40.143820	66.686944	-31.863415	-43.008437	28.006093	-12.868040	50.197933	-19.113760	12.720743	24.764620	-92.458967	-82.709014	31.178170	-5.511234	75.245451	-68.239035	11.183302	30.207359	98.558001	48.075519	-47.465896	
600	-16.818958	-60.852953	31.508529	-70.997743	-11.244386	74.340897	-77.156156	93.873873	-31.653552	40.143820	66.686944	-31.863415	-43.008437	28.006093	-12.868040	50.197933	-19.113760	12.720743	24.764620	-92.458967	-82.709014	31.178170	-5.511234	75.245451	-68.239035	11.183302	30.207359	98.558001	48.075519	-47.465896	
750	-16.818958	-60.852953	31.508529	-70.997743	-11.244386	74.340897	-77.156156	93.873873	-31.653552	40.143820	66.686944	-31.863415	-43.008437	28.006093	-12.868040	50.197933	-19.113760	12.720743	24.764620	-92.458967	-82.709014	31.178170	-5.511234	75.245451	-68.239035	11.183302	30.207359	98.558001	48.075519	-47.465896	
900	-16.818958	-60.852953	31.508529	-70.997743	-11.244386	74.340897	-77.156156	93.873873	-31.653552	40.143820	66.686944	-31.863415	-43.008437	28.006093	-12.868040	50.197933	-19.113760	12.720743	24.764620	-92.458967	-82.709014	31.178170	-5.511234	75.245451	-68.239035	11.183302	30.207359	98.558001	48.075519	-47.465896	
1050	-16.818958	-60.852953	31.508529	-70.997743	-11.244386	74.340897	-77.156156	93.873873	-31.653552	40.143820	66.686944	-31.863415	-43.008437	28.006093	-12.868040	50.197933	-19.113760	12.720743	24.764620	-92.458967	-82.709014	31.178170	-5.511234	75.245451	-68.239035	11.183302	30.207359	98.558001	48.075519	-47.465896	
1200	-16.818958	-60.852953	31.508529	-70.997743	-11.244386	74.340897	-77.156156	93.873873	-31.653552	40.143820	66.686944	-31.863415	-43.008437	28.006093	-12.868040	50.197933	-19.113760	12.720743	24.764620	-92.458967	-82.709014	31.178170	-5.511234	75.245451	-68.239035	11.183302	30.207359	98.558001	48.075519	-47.465896	
1350	-16.818958	-60.852953	31.508529	-70.997743	-11.244386	74.340897	-77.156156	93.873873	-31.653552	40.143820	66.686944	-31.863415	-43.008437	28.006093	-12.868040	50.197933	-19.113760	12.720743	24.764620	-92.458967	-82.709014	31.178170	-5.511234	75.245451	-68.239035	11.183302	30.207359	98.558001	48.075519	-47.465896	
1500	-16.818958	-60.852953	31.508529	-70.997743	-11.244386	74.340897	-77.156156	93.873873	-31.653552	40.143820	66.686944	-31.863415	-43.008437	28.006093	-12.868040	50.197933	-19.113760	12.720743	24.764620	-92.458967	-82.709014	31.178170	-5.511234	75.245451	-68.239035	11.183302	30.207359	98.558001	48.075519	-47.465896	
