%count	x
15	-24.666977	-50.756396	31.737076	43.499036	55.190995	-61.083972	-63.994497	48.305872	74.787561	79.586463	-71.056796	-10.300233	-90.459757	44.538246	93.782081	84.562957	-44.902770	-29.396464	12.559051	82.449538	8.750224	-89.362782	-26.310845	-85.971477	-98.606005	50.460600	-11.346067	-18.570387	-99.911481	-56.181984	
30	31.615326	66.890516	84.011645	-40.656538	-36.389373	-99.625186	12.384527	70.928568	21.786329	-49.827914	97.266342	-87.000581	71.148016	-83.380840	22.610873	80.759658	-66.086657	-55.015061	-39.619478	-29.698365	-21.484149	-55.428571	2.646065	-96.215659	-99.957269	72.926233	-46.361102	-36.703577	73.396916	-63.524121	
45	-22.758418	51.252033	-53.290220	-85.431646	62.374654	-83.540842	-33.223414	8.942816	9.758194	53.895453	56.645406	-33.614927	-6.441771	-35.294632	62.600124	-84.959336	-93.521496	5.330455	65.952711	88.585659	62.240526	45.465951	22.122603	-25.366823	-64.131678	46.115237	12.167055	25.902014	-50.584564	63.144899	
60	-22.758418	51.252033	-53.290220	-85.431646	62.374654	-83.540842	-33.223414	8.942816	9.758194	53.895453	56.645406	-33.614927	-6.441771	-35.294632	62.600124	-84.959336	-93.521496	5.330455	65.952711	88.585659	62.240526	45.465951	22.122603	-25.366823	-64.131678	46.115237	12.167055	25.902014	-50.584564	63.144899	
75	-12.053183	19.445452	-6.045067	30.105378	10.933884	-59.259096	-67.426869	8.529803	87.903824	-85.431868	-29.685954	-62.668088	96.668197	47.129522	16.620777	75.845795	2.325123	-76.375183	21.383206	-60.251037	-66.236333	-42.412500	91.198121	67.778485	70.416046	-48.510900	-77.173654	20.949519	27.407693	-26.842619	
90	-12.053183	19.445452	-6.045067	30.105378	10.933884	-59.259096	-67.426869	8.529803	87.903824	-85.431868	-29.685954	-62.668088	96.668197	47.129522	16.620777	75.845795	2.325123	-76.375183	21.383206	-60.251037	-66.236333	-42.412500	91.198121	67.778485	70.416046	-48.510900	-77.173654	20.949519	27.407693	-26.842619	
105	-12.053183	19.445452	-6.045067	30.105378	10.933884	-59.259096	-67.426869	8.529803	87.903824	-85.431868	-29.685954	-62.668088	96.668197	47.129522	16.620777	75.845795	2.325123	-76.375183	21.383206	-60.251037	-66.236333	-42.412500	91.198121	67.778485	70.416046	-48.510900	-77.173654	20.949519	27.407693	-26.842619	
120	-12.053183	19.445452	-6.045067	30.105378	10.933884	-59.259096	-67.426869	8.529803	87.903824	-85.431868	-29.685954	-62.668088	96.668197	47.129522	16.620777	75.845795	2.325123	-76.375183	21.383206	-60.251037	-66.236333	-42.412500	91.198121	67.778485	70.416046	-48.510900	-77.173654	20.949519	27.407693	-26.842619	
135	-12.053183	19.445452	-6.045067	30.105378	10.933884	-59.259096	-67.426869	8.529803	87.903824	-85.431868	-29.685954	-62.668088	96.668197	47.129522	16.620777	75.845795	2.325123	-76.375183	21.383206	-60.251037	-66.236333	-42.412500	91.198121	67.778485	70.416046	-48.510900	-77.173654	20.949519	27.407693	-26.842619	
150	-12.053183	19.445452	-6.045067	30.105378	10.933884	-59.259096	-67.426869	8.529803	87.903824	-85.431868	-29.685954	-62.668088	96.668197	47.129522	16.620777	75.845795	2.325123	-76.375183	21.383206	-60.251037	-66.236333	-42.412500	91.198121	67.778485	70.416046	-48.510900	-77.173654	20.949519	27.407693	-26.842619	
300	56.614706	5.325091	-33.603084	37.400160	-60.658352	-51.468118	56.777115	75.503846	-93.961279	-46.224013	-60.390671	53.812973	57.431805	-74.496867	60.189515	88.347772	84.531637	-18.264392	52.625207	16.012108	-25.212801	-0.591840	59.589161	32.983076	28.006469	-79.205421	-0.662141	25.284582	-85.292640	-0.387253	
450	56.614706	5.325091	-33.603084	37.400160	-60.658352	-51.468118	56.777115	75.503846	-93.961279	-46.224013	-60.390671	53.812973	57.431805	-74.496867	60.189515	88.347772	84.531637	-18.264392	52.625207	16.012108	-25.212801	-0.591840	59.589161	32.983076	28.006469	-79.205421	-0.662141	25.284582	-85.292640	-0.387253	
600	68.235030	28.035533	-16.213373	-21.584981	-3.060043	-30.677106	-63.125757	16.450070	41.606034	-96.347222	-45.711559	48.514397	55.476968	-9.644306	-27.293951	97.148872	-24.542591	68.529175	99.320998	3.438931	-65.881391	-33.006533	95.846968	-34.258482	-38.452049	32.043804	24.171820	42.342469	72.946630	-87.062548	
750	68.235030	28.035533	-16.213373	-21.584981	-3.060043	-30.677106	-63.125757	16.450070	41.606034	-96.347222	-45.711559	48.514397	55.476968	-9.644306	-27.293951	97.148872	-24.542591	68.529175	99.320998	3.438931	-65.881391	-33.006533	95.846968	-34.258482	-38.452049	32.043804	24.171820	42.342469	72.946630	-87.062548	
900	68.235030	28.035533	-16.213373	-21.584981	-3.060043	-30.677106	-63.125757	16.450070	41.606034	-96.347222	-45.711559	48.514397	55.476968	-9.644306	-27.293951	97.148872	-24.542591	68.529175	99.320998	3.438931	-65.881391	-33.006533	95.846968	-34.258482	-38.452049	32.043804	24.171820	42.342469	72.946630	-87.062548	
1050	68.235030	28.035533	-16.213373	-21.584981	-3.060043	-30.677106	-63.125757	16.450070	41.606034	-96.347222	-45.711559	48.514397	55.476968	-9.644306	-27.293951	97.148872	-24.542591	68.529175	99.320998	3.438931	-65.881391	-33.006533	95.846968	-34.258482	-38.452049	32.043804	24.171820	42.342469	72.946630	-87.062548	
1200	68.235030	28.035533	-16.213373	-21.584981	-3.060043	-30.677106	-63.125757	16.450070	41.606034	-96.347222	-45.711559	48.514397	55.476968	-9.644306	-27.293951	97.148872	-24.542591	68.529175	99.320998	3.438931	-65.881391	-33.006533	95.846968	-34.258482	-38.452049	32.043804	24.171820	42.342469	72.946630	-87.062548	
1350	68.235030	28.035533	-16.213373	-21.584981	-3.060043	-30.677106	-63.125757	16.450070	41.606034	-96.347222	-45.711559	48.514397	55.476968	-9.644306	-27.293951	97.148872	-24.542591	68.529175	99.320998	3.438931	-65.881391	-33.006533	95.846968	-34.258482	-38.452049	32.043804	24.171820	42.342469	72.946630	-87.062548	
1500	68.235030	28.035533	-16.213373	-21.584981	-3.060043	-30.677106	-63.125757	16.450070	41.606034	-96.347222	-45.711559	48.514397	55.476968	-9.644306	-27.293951	97.148872	-24.542591	68.529175	99.320998	3.438931	-65.881391	-33.006533	95.846968	-34.258482	-38.452049	32.043804	24.171820	42.342469	72.946630	-87.062548	
