%count	x
15	34.062778	60.023864	-5.808880	-26.787720	61.332498	34.681939	-21.218866	49.363566	74.077826	-88.336040	-30.108469	-29.728407	0.850005	93.051817	32.947691	-99.852051	26.105265	78.782595	57.228336	-80.159292	40.646443	76.925409	44.493235	95.890394	-83.736223	-55.635385	3.783896	-84.387315	84.814590	-78.574091	
30	68.384890	-4.601916	-65.619318	-24.045988	34.634908	82.066795	-32.685055	7.679121	77.379153	-0.219334	89.843429	-73.735198	-93.553322	-98.354356	-90.494803	-90.471280	-54.674321	87.704491	-79.938995	-52.822769	-80.736134	-74.550115	-24.446931	-71.281441	75.308862	-30.464984	-12.998401	-49.029995	56.610413	76.133611	
45	68.384890	-4.601916	-65.619318	-24.045988	34.634908	82.066795	-32.685055	7.679121	77.379153	-0.219334	89.843429	-73.735198	-93.553322	-98.354356	-90.494803	-90.471280	-54.674321	87.704491	-79.938995	-52.822769	-80.736134	-74.550115	-24.446931	-71.281441	75.308862	-30.464984	-12.998401	-49.029995	56.610413	76.133611	
60	68.384890	-4.601916	-65.619318	-24.045988	34.634908	82.066795	-32.685055	7.679121	77.379153	-0.219334	89.843429	-73.735198	-93.553322	-98.354356	-90.494803	-90.471280	-54.674321	87.704491	-79.938995	-52.822769	-80.736134	-74.550115	-24.446931	-71.281441	75.308862	-30.464984	-12.998401	-49.029995	56.610413	76.133611	
75	72.132547	48.478199	74.452104	48.179883	45.396036	73.364424	-41.795902	30.240614	-7.183170	81.055782	62.374991	57.369209	54.358094	93.303500	-64.210842	92.425175	35.307445	53.348446	-37.812710	24.110410	11.733674	-11.018739	42.862405	40.181331	94.396447	42.549498	-49.331224	81.768156	-92.225289	-64.484877	
90	72.132547	48.478199	74.452104	48.179883	45.396036	73.364424	-41.795902	30.240614	-7.183170	81.055782	62.374991	57.369209	54.358094	93.303500	-64.210842	92.425175	35.307445	53.348446	-37.812710	24.110410	11.733674	-11.018739	42.862405	40.181331	94.396447	42.549498	-49.331224	81.768156	-92.225289	-64.484877	
105	72.132547	48.478199	74.452104	48.179883	45.396036	73.364424	-41.795902	30.240614	-7.183170	81.055782	62.374991	57.369209	54.358094	93.303500	-64.210842	92.425175	35.307445	53.348446	-37.812710	24.110410	11.733674	-11.018739	42.862405	40.181331	94.396447	42.549498	-49.331224	81.768156	-92.225289	-64.484877	
120	72.132547	48.478199	74.452104	48.179883	45.396036	73.364424	-41.795902	30.240614	-7.183170	81.055782	62.374991	57.369209	54.358094	93.303500	-64.210842	92.425175	35.307445	53.348446	-37.812710	24.110410	11.733674	-11.018739	42.862405	40.181331	94.396447	42.549498	-49.331224	81.768156	-92.225289	-64.484877	
135	72.132547	48.478199	74.452104	48.179883	45.396036	73.364424	-41.795902	30.240614	-7.183170	81.055782	62.374991	57.369209	54.358094	93.303500	-64.210842	92.425175	35.307445	53.348446	-37.812710	24.110410	11.733674	-11.018739	42.862405	40.181331	94.396447	42.549498	-49.331224	81.768156	-92.225289	-64.484877	
150	72.132547	48.478199	74.452104	48.179883	45.396036	73.364424	-41.795902	30.240614	-7.183170	81.055782	62.374991	57.369209	54.358094	93.303500	-64.210842	92.425175	35.307445	53.348446	-37.812710	24.110410	11.733674	-11.018739	42.862405	40.181331	94.396447	42.549498	-49.331224	81.768156	-92.225289	-64.484877	
300	-96.693812	64.149687	-32.428593	-56.030158	-75.489364	94.988504	98.267778	-85.593141	51.341074	-7.373165	38.570351	82.604809	27.692752	4.626614	85.216841	31.190755	74.482008	-47.649128	-57.147497	-36.686889	-45.490086	-54.786919	65.991663	91.843430	-73.677125	33.026861	-88.534872	-11.419793	-26.670791	42.100515	
450	-86.132514	26.743890	8.691381	-18.401839	60.446120	35.362896	-55.589913	72.054262	77.864880	82.143932	38.861532	-27.719821	29.027191	88.225537	35.485008	-0.721130	-57.815059	3.665337	-0.793931	-49.965051	91.541355	88.244296	44.892318	50.271604	-3.131204	63.700209	-23.815194	-36.433504	-9.058281	23.227946	
600	-83.266926	14.946801	-18.215633	-43.480863	-34.368435	-8.530103	38.998652	11.613595	60.495599	22.060444	-70.524767	-60.177616	-75.074692	-92.568472	75.632872	-75.226057	41.785664	53.446462	-94.871045	-88.871901	76.688517	26.718035	-57.320069	36.575452	6.353496	73.479864	2.220389	-21.300315	-32.278525	71.397298	
750	-83.266926	14.946801	-18.215633	-43.480863	-34.368435	-8.530103	38.998652	11.613595	60.495599	22.060444	-70.524767	-60.177616	-75.074692	-92.568472	75.632872	-75.226057	41.785664	53.446462	-94.871045	-88.871901	76.688517	26.718035	-57.320069	36.575452	6.353496	73.479864	2.220389	-21.300315	-32.278525	71.397298	
900	-83.266926	14.946801	-18.215633	-43.480863	-34.368435	-8.530103	38.998652	11.613595	60.495599	22.060444	-70.524767	-60.177616	-75.074692	-92.568472	75.632872	-75.226057	41.785664	53.446462	-94.871045	-88.871901	76.688517	26.718035	-57.320069	36.575452	6.353496	73.479864	2.220389	-21.300315	-32.278525	71.397298	
1050	-53.426069	71.258752	-15.828410	-2.671729	66.589109	99.585903	-45.867049	1.012078	63.781521	-48.693570	-6.304422	-10.321063	8.579083	-84.342732	10.241565	45.647168	82.517533	-56.721244	54.277286	26.246628	-85.919603	-50.973485	61.797323	47.391468	9.516312	8.955359	30.072488	-85.154562	-95.928694	-30.704129	
1200	-53.426069	71.258752	-15.828410	-2.671729	66.589109	99.585903	-45.867049	1.012078	63.781521	-48.693570	-6.304422	-10.321063	8.579083	-84.342732	10.241565	45.647168	82.517533	-56.721244	54.277286	26.246628	-85.919603	-50.973485	61.797323	47.391468	9.516312	8.955359	30.072488	-85.154562	-95.928694	-30.704129	
1350	-80.725865	-34.526900	33.864055	71.910194	-20.363523	57.559624	38.941480	29.206151	11.542678	-54.427232	44.565494	-3.025601	-2.997006	83.375742	-94.316256	-56.856465	-52.399510	9.678009	-24.632784	-24.684964	2.498048	-75.389836	2.444560	41.488029	-74.402934	56.100344	40.123640	-48.163859	27.230057	46.403956	
1500	25.701974	-77.704181	-48.546239	-51.608207	-39.880753	-94.644015	4.545058	-43.815969	-1.894145	-16.621282	1.876413	64.128731	8.862133	-29.112396	-34.353226	-57.754073	66.766673	83.164552	20.580743	16.331091	-83.507015	-39.256996	-1.406925	-89.221807	93.609335	30.771533	-45.265436	-32.443333	31.669700	3.396484	
