%count	x
15	53.424334	95.021468	-14.071249	94.364178	-39.917442	61.041564	-98.621773	58.112543	81.243182	52.741239	-42.701136	-76.486064	17.462592	-62.831041	-88.857049	-82.273959	-72.790643	-12.346820	-36.355097	-20.617476	-38.473035	85.071632	98.322387	-57.939960	28.188066	-69.336536	-62.444473	94.190350	2.146595	53.440216	
30	53.424334	95.021468	-14.071249	94.364178	-39.917442	61.041564	-98.621773	58.112543	81.243182	52.741239	-42.701136	-76.486064	17.462592	-62.831041	-88.857049	-82.273959	-72.790643	-12.346820	-36.355097	-20.617476	-38.473035	85.071632	98.322387	-57.939960	28.188066	-69.336536	-62.444473	94.190350	2.146595	53.440216	
45	53.424334	95.021468	-14.071249	94.364178	-39.917442	61.041564	-98.621773	58.112543	81.243182	52.741239	-42.701136	-76.486064	17.462592	-62.831041	-88.857049	-82.273959	-72.790643	-12.346820	-36.355097	-20.617476	-38.473035	85.071632	98.322387	-57.939960	28.188066	-69.336536	-62.444473	94.190350	2.146595	53.440216	
60	17.039961	78.006142	-37.795298	57.383116	61.025787	71.955317	34.053483	17.772365	61.620913	64.433071	64.235185	-44.164053	-25.834803	28.836258	-55.641866	25.365859	-44.564312	88.805901	-18.079661	-18.481143	8.304062	-55.936413	23.409904	-15.090687	-89.411974	-3.968511	-9.443823	63.814474	-27.583048	-79.271604	
75	17.039961	78.006142	-37.795298	57.383116	61.025787	71.955317	34.053483	17.772365	61.620913	64.433071	64.235185	-44.164053	-25.834803	28.836258	-55.641866	25.365859	-44.564312	88.805901	-18.079661	-18.481143	8.304062	-55.936413	23.409904	-15.090687	-89.411974	-3.968511	-9.443823	63.814474	-27.583048	-79.271604	
90	17.039961	78.006142	-37.795298	57.383116	61.025787	71.955317	34.053483	17.772365	61.620913	64.433071	64.235185	-44.164053	-25.834803	28.836258	-55.641866	25.365859	-44.564312	88.805901	-18.079661	-18.481143	8.304062	-55.936413	23.409904	-15.090687	-89.411974	-3.968511	-9.443823	63.814474	-27.583048	-79.271604	
105	17.039961	78.006142	-37.795298	57.383116	61.025787	71.955317	34.053483	17.772365	61.620913	64.433071	64.235185	-44.164053	-25.834803	28.836258	-55.641866	25.365859	-44.564312	88.805901	-18.079661	-18.481143	8.304062	-55.936413	23.409904	-15.090687	-89.411974	-3.968511	-9.443823	63.814474	-27.583048	-79.271604	
120	17.039961	78.006142	-37.795298	57.383116	61.025787	71.955317	34.053483	17.772365	61.620913	64.433071	64.235185	-44.164053	-25.834803	28.836258	-55.641866	25.365859	-44.564312	88.805901	-18.079661	-18.481143	8.304062	-55.936413	23.409904	-15.090687	-89.411974	-3.968511	-9.443823	63.814474	-27.583048	-79.271604	
135	17.039961	78.006142	-37.795298	57.383116	61.025787	71.955317	34.053483	17.772365	61.620913	64.433071	64.235185	-44.164053	-25.834803	28.836258	-55.641866	25.365859	-44.564312	88.805901	-18.079661	-18.481143	8.304062	-55.936413	23.409904	-15.090687	-89.411974	-3.968511	-9.443823	63.814474	-27.583048	-79.271604	
150	17.039961	78.006142	-37.795298	57.383116	61.025787	71.955317	34.053483	17.772365	61.620913	64.433071	64.235185	-44.164053	-25.834803	28.836258	-55.641866	25.365859	-44.564312	88.805901	-18.079661	-18.481143	8.304062	-55.936413	23.409904	-15.090687	-89.411974	-3.968511	-9.443823	63.814474	-27.583048	-79.271604	
300	17.039961	78.006142	-37.795298	57.383116	61.025787	71.955317	34.053483	17.772365	61.620913	64.433071	64.235185	-44.164053	-25.834803	28.836258	-55.641866	25.365859	-44.564312	88.805901	-18.079661	-18.481143	8.304062	-55.936413	23.409904	-15.090687	-89.411974	-3.968511	-9.443823	63.814474	-27.583048	-79.271604	
450	-12.603280	44.940946	-38.085201	-99.243874	84.202889	78.481065	-41.255749	98.107297	-41.696829	-58.372999	82.808779	-53.826995	-87.416033	65.581817	-97.052437	2.603384	92.018965	66.408149	-87.955413	59.667997	28.957241	52.369604	-5.736815	-70.372280	-32.645328	-82.409877	-16.846606	-93.722056	55.941784	34.247681	
600	-12.603280	44.940946	-38.085201	-99.243874	84.202889	78.481065	-41.255749	98.107297	-41.696829	-58.372999	82.808779	-53.826995	-87.416033	65.581817	-97.052437	2.603384	92.018965	66.408149	-87.955413	59.667997	28.957241	52.369604	-5.736815	-70.372280	-32.645328	-82.409877	-16.846606	-93.722056	55.941784	34.247681	
750	-12.603280	44.940946	-38.085201	-99.243874	84.202889	78.481065	-41.255749	98.107297	-41.696829	-58.372999	82.808779	-53.826995	-87.416033	65.581817	-97.052437	2.603384	92.018965	66.408149	-87.955413	59.667997	28.957241	52.369604	-5.736815	-70.372280	-32.645328	-82.409877	-16.846606	-93.722056	55.941784	34.247681	
900	-12.603280	44.940946	-38.085201	-99.243874	84.202889	78.481065	-41.255749	98.107297	-41.696829	-58.372999	82.808779	-53.826995	-87.416033	65.581817	-97.052437	2.603384	92.018965	66.408149	-87.955413	59.667997	28.957241	52.369604	-5.736815	-70.372280	-32.645328	-82.409877	-16.846606	-93.722056	55.941784	34.247681	
1050	-12.603280	44.940946	-38.085201	-99.243874	84.202889	78.481065	-41.255749	98.107297	-41.696829	-58.372999	82.808779	-53.826995	-87.416033	65.581817	-97.052437	2.603384	92.018965	66.408149	-87.955413	59.667997	28.957241	52.369604	-5.736815	-70.372280	-32.645328	-82.409877	-16.846606	-93.722056	55.941784	34.247681	
1200	-12.603280	44.940946	-38.085201	-99.243874	84.202889	78.481065	-41.255749	98.107297	-41.696829	-58.372999	82.808779	-53.826995	-87.416033	65.581817	-97.052437	2.603384	92.018965	66.408149	-87.955413	59.667997	28.957241	52.369604	-5.736815	-70.372280	-32.645328	-82.409877	-16.846606	-93.722056	55.941784	34.247681	
1350	-12.603280	44.940946	-38.085201	-99.243874	84.202889	78.481065	-41.255749	98.107297	-41.696829	-58.372999	82.808779	-53.826995	-87.416033	65.581817	-97.052437	2.603384	92.018965	66.408149	-87.955413	59.667997	28.957241	52.369604	-5.736815	-70.372280	-32.645328	-82.409877	-16.846606	-93.722056	55.941784	34.247681	
1500	-12.603280	44.940946	-38.085201	-99.243874	84.202889	78.481065	-41.255749	98.107297	-41.696829	-58.372999	82.808779	-53.826995	-87.416033	65.581817	-97.052437	2.603384	92.018965	66.408149	-87.955413	59.667997	28.957241	52.369604	-5.736815	-70.372280	-32.645328	-82.409877	-16.846606	-93.722056	55.941784	34.247681	
