%count	x
15	68.816926	82.831571	67.968192	59.186438	-93.240672	-38.923420	77.419956	-10.492604	-13.317639	-70.950516	39.367095	98.499481	-54.262022	-64.860509	62.490653	-71.815193	4.750659	18.319765	-53.169061	-77.364652	-26.447211	67.204388	-5.088689	75.940019	76.033286	-66.059145	32.935942	16.588555	69.177943	10.061512	
30	40.685832	-74.595532	85.216348	12.999383	-48.665179	-70.548900	51.090351	48.104357	69.823534	37.587790	-12.951659	36.027402	3.892561	-44.771541	31.318688	-9.039744	-39.307328	-63.137833	-1.875814	-38.475752	-10.551642	39.565713	-53.154309	-65.998167	94.084601	-31.163858	-76.971395	61.606646	43.906856	-13.883501	
45	40.685832	-74.595532	85.216348	12.999383	-48.665179	-70.548900	51.090351	48.104357	69.823534	37.587790	-12.951659	36.027402	3.892561	-44.771541	31.318688	-9.039744	-39.307328	-63.137833	-1.875814	-38.475752	-10.551642	39.565713	-53.154309	-65.998167	94.084601	-31.163858	-76.971395	61.606646	43.906856	-13.883501	
60	40.685832	-74.595532	85.216348	12.999383	-48.665179	-70.548900	51.090351	48.104357	69.823534	37.587790	-12.951659	36.027402	3.892561	-44.771541	31.318688	-9.039744	-39.307328	-63.137833	-1.875814	-38.475752	-10.551642	39.565713	-53.154309	-65.998167	94.084601	-31.163858	-76.971395	61.606646	43.906856	-13.883501	
75	-40.912639	-87.093040	38.232470	-64.260754	36.589928	-44.956711	-13.974137	-67.592243	-43.658847	20.403394	-60.137291	-62.366951	50.404993	64.811144	54.679963	-71.643172	-43.316958	35.801479	-64.082307	92.336332	83.331848	11.411737	57.614656	-37.364735	-76.846134	-9.433015	-56.185494	15.948220	55.303304	16.151655	
90	-74.612660	12.386873	-10.293741	-91.760535	-11.302308	66.775395	33.194568	85.192824	39.985167	7.577846	44.029830	-23.134104	62.755146	36.416744	91.016353	-96.959820	-5.047590	-3.492251	9.079886	24.350391	99.532382	-15.937630	-74.352582	1.635158	-41.873026	57.988725	6.432777	-6.055877	-5.336014	-6.189364	
105	-74.612660	12.386873	-10.293741	-91.760535	-11.302308	66.775395	33.194568	85.192824	39.985167	7.577846	44.029830	-23.134104	62.755146	36.416744	91.016353	-96.959820	-5.047590	-3.492251	9.079886	24.350391	99.532382	-15.937630	-74.352582	1.635158	-41.873026	57.988725	6.432777	-6.055877	-5.336014	-6.189364	
120	-74.612660	12.386873	-10.293741	-91.760535	-11.302308	66.775395	33.194568	85.192824	39.985167	7.577846	44.029830	-23.134104	62.755146	36.416744	91.016353	-96.959820	-5.047590	-3.492251	9.079886	24.350391	99.532382	-15.937630	-74.352582	1.635158	-41.873026	57.988725	6.432777	-6.055877	-5.336014	-6.189364	
135	-74.612660	12.386873	-10.293741	-91.760535	-11.302308	66.775395	33.194568	85.192824	39.985167	7.577846	44.029830	-23.134104	62.755146	36.416744	91.016353	-96.959820	-5.047590	-3.492251	9.079886	24.350391	99.532382	-15.937630	-74.352582	1.635158	-41.873026	57.988725	6.432777	-6.055877	-5.336014	-6.189364	
150	-74.612660	12.386873	-10.293741	-91.760535	-11.302308	66.775395	33.194568	85.192824	39.985167	7.577846	44.029830	-23.134104	62.755146	36.416744	91.016353	-96.959820	-5.047590	-3.492251	9.079886	24.350391	99.532382	-15.937630	-74.352582	1.635158	-41.873026	57.988725	6.432777	-6.055877	-5.336014	-6.189364	
300	-13.490251	-62.873696	-5.135890	-46.426788	-80.220967	15.263136	-78.118480	39.579049	51.793745	39.571047	5.717338	73.458576	-26.114325	-96.150952	7.083752	22.682927	27.242802	92.918262	-61.408242	-77.444836	-20.182664	-11.420851	-10.546310	51.526943	90.249339	80.640513	-58.852082	43.385465	-73.537123	-5.627104	
450	65.590126	65.350537	-29.033812	-34.891481	-63.202679	-12.291307	-37.551235	-83.704211	-22.655857	62.204752	22.905341	31.490362	-4.080419	36.959147	-75.786154	-54.310325	25.771124	-58.697050	-92.806152	-89.249510	-46.142528	37.092679	-75.962476	-21.194528	45.712977	89.525777	23.747063	-16.161681	-43.373206	-5.861175	
600	65.590126	65.350537	-29.033812	-34.891481	-63.202679	-12.291307	-37.551235	-83.704211	-22.655857	62.204752	22.905341	31.490362	-4.080419	36.959147	-75.786154	-54.310325	25.771124	-58.697050	-92.806152	-89.249510	-46.142528	37.092679	-75.962476	-21.194528	45.712977	89.525777	23.747063	-16.161681	-43.373206	-5.861175	
750	65.590126	65.350537	-29.033812	-34.891481	-63.202679	-12.291307	-37.551235	-83.704211	-22.655857	62.204752	22.905341	31.490362	-4.080419	36.959147	-75.786154	-54.310325	25.771124	-58.697050	-92.806152	-89.249510	-46.142528	37.092679	-75.962476	-21.194528	45.712977	89.525777	23.747063	-16.161681	-43.373206	-5.861175	
900	65.590126	65.350537	-29.033812	-34.891481	-63.202679	-12.291307	-37.551235	-83.704211	-22.655857	62.204752	22.905341	31.490362	-4.080419	36.959147	-75.786154	-54.310325	25.771124	-58.697050	-92.806152	-89.249510	-46.142528	37.092679	-75.962476	-21.194528	45.712977	89.525777	23.747063	-16.161681	-43.373206	-5.861175	
1050	65.590126	65.350537	-29.033812	-34.891481	-63.202679	-12.291307	-37.551235	-83.704211	-22.655857	62.204752	22.905341	31.490362	-4.080419	36.959147	-75.786154	-54.310325	25.771124	-58.697050	-92.806152	-89.249510	-46.142528	37.092679	-75.962476	-21.194528	45.712977	89.525777	23.747063	-16.161681	-43.373206	-5.861175	
1200	46.625128	78.998742	37.247999	-80.722599	-38.397912	16.073891	62.223816	-97.415865	77.783516	80.008355	29.040614	0.011086	8.439925	-88.199720	44.962007	-55.022436	-44.924282	-16.022634	-32.013123	59.456201	-18.084013	7.581644	48.967986	1.708600	-7.979132	77.383479	12.771524	33.317814	47.931104	40.471900	
1350	46.625128	78.998742	37.247999	-80.722599	-38.397912	16.073891	62.223816	-97.415865	77.783516	80.008355	29.040614	0.011086	8.439925	-88.199720	44.962007	-55.022436	-44.924282	-16.022634	-32.013123	59.456201	-18.084013	7.581644	48.967986	1.708600	-7.979132	77.383479	12.771524	33.317814	47.931104	40.471900	
1500	46.625128	78.998742	37.247999	-80.722599	-38.397912	16.073891	62.223816	-97.415865	77.783516	80.008355	29.040614	0.011086	8.439925	-88.199720	44.962007	-55.022436	-44.924282	-16.022634	-32.013123	59.456201	-18.084013	7.581644	48.967986	1.708600	-7.979132	77.383479	12.771524	33.317814	47.931104	40.471900	
