%count	x
15	39.449371	91.498244	-33.803147	54.589324	-98.168702	-2.223250	92.544577	19.145458	28.607654	-3.270591	67.714095	-86.040971	84.438841	33.157073	60.095271	50.569953	13.044206	-58.749796	-41.258297	84.731049	-28.867479	-2.268622	45.864571	28.824033	57.381068	-46.694010	71.419281	-0.914965	35.645952	92.386538	
30	-37.230789	21.096921	-54.716994	88.023362	-58.089374	-86.046642	-65.886447	73.319060	88.947657	7.854375	82.980503	85.314573	29.415229	-41.295493	-34.877997	-16.130035	10.731402	46.675377	-5.639180	-69.365081	69.080612	-10.616412	-57.654610	-3.028467	48.080865	36.079536	-75.147826	-12.356577	18.828539	77.120370	
45	-37.230789	21.096921	-54.716994	88.023362	-58.089374	-86.046642	-65.886447	73.319060	88.947657	7.854375	82.980503	85.314573	29.415229	-41.295493	-34.877997	-16.130035	10.731402	46.675377	-5.639180	-69.365081	69.080612	-10.616412	-57.654610	-3.028467	48.080865	36.079536	-75.147826	-12.356577	18.828539	77.120370	
60	91.887059	-75.117475	-37.425173	59.146611	-9.916440	80.696587	77.646260	79.964955	64.876942	27.292861	-88.322368	-16.468245	78.575142	-94.531007	80.123125	-58.557632	28.881289	-89.338644	33.537108	51.295173	-11.911784	-38.611145	28.031475	-34.462969	-68.151762	-16.961423	0.592992	-88.209351	9.880668	-46.960399	
75	91.887059	-75.117475	-37.425173	59.146611	-9.916440	80.696587	77.646260	79.964955	64.876942	27.292861	-88.322368	-16.468245	78.575142	-94.531007	80.123125	-58.557632	28.881289	-89.338644	33.537108	51.295173	-11.911784	-38.611145	28.031475	-34.462969	-68.151762	-16.961423	0.592992	-88.209351	9.880668	-46.960399	
90	91.887059	-75.117475	-37.425173	59.146611	-9.916440	80.696587	77.646260	79.964955	64.876942	27.292861	-88.322368	-16.468245	78.575142	-94.531007	80.123125	-58.557632	28.881289	-89.338644	33.537108	51.295173	-11.911784	-38.611145	28.031475	-34.462969	-68.151762	-16.961423	0.592992	-88.209351	9.880668	-46.960399	
105	91.887059	-75.117475	-37.425173	59.146611	-9.916440	80.696587	77.646260	79.964955	64.876942	27.292861	-88.322368	-16.468245	78.575142	-94.531007	80.123125	-58.557632	28.881289	-89.338644	33.537108	51.295173	-11.911784	-38.611145	28.031475	-34.462969	-68.151762	-16.961423	0.592992	-88.209351	9.880668	-46.960399	
120	91.887059	-75.117475	-37.425173	59.146611	-9.916440	80.696587	77.646260	79.964955	64.876942	27.292861	-88.322368	-16.468245	78.575142	-94.531007	80.123125	-58.557632	28.881289	-89.338644	33.537108	51.295173	-11.911784	-38.611145	28.031475	-34.462969	-68.151762	-16.961423	0.592992	-88.209351	9.880668	-46.960399	
135	91.887059	-75.117475	-37.425173	59.146611	-9.916440	80.696587	77.646260	79.964955	64.876942	27.292861	-88.322368	-16.468245	78.575142	-94.531007	80.123125	-58.557632	28.881289	-89.338644	33.537108	51.295173	-11.911784	-38.611145	28.031475	-34.462969	-68.151762	-16.961423	0.592992	-88.209351	9.880668	-46.960399	
150	91.887059	-75.117475	-37.425173	59.146611	-9.916440	80.696587	77.646260	79.964955	64.876942	27.292861	-88.322368	-16.468245	78.575142	-94.531007	80.123125	-58.557632	28.881289	-89.338644	33.537108	51.295173	-11.911784	-38.611145	28.031475	-34.462969	-68.151762	-16.961423	0.592992	-88.209351	9.880668	-46.960399	
300	91.887059	-75.117475	-37.425173	59.146611	-9.916440	80.696587	77.646260	79.964955	64.876942	27.292861	-88.322368	-16.468245	78.575142	-94.531007	80.123125	-58.557632	28.881289	-89.338644	33.537108	51.295173	-11.911784	-38.611145	28.031475	-34.462969	-68.151762	-16.961423	0.592992	-88.209351	9.880668	-46.960399	
450	91.887059	-75.117475	-37.425173	59.146611	-9.916440	80.696587	77.646260	79.964955	64.876942	27.292861	-88.322368	-16.468245	78.575142	-94.531007	80.123125	-58.557632	28.881289	-89.338644	33.537108	51.295173	-11.911784	-38.611145	28.031475	-34.462969	-68.151762	-16.961423	0.592992	-88.209351	9.880668	-46.960399	
600	91.887059	-75.117475	-37.425173	59.146611	-9.916440	80.696587	77.646260	79.964955	64.876942	27.292861	-88.322368	-16.468245	78.575142	-94.531007	80.123125	-58.557632	28.881289	-89.338644	33.537108	51.295173	-11.911784	-38.611145	28.031475	-34.462969	-68.151762	-16.961423	0.592992	-88.209351	9.880668	-46.960399	
750	91.887059	-75.117475	-37.425173	59.146611	-9.916440	80.696587	77.646260	79.964955	64.876942	27.292861	-88.322368	-16.468245	78.575142	-94.531007	80.123125	-58.557632	28.881289	-89.338644	33.537108	51.295173	-11.911784	-38.611145	28.031475	-34.462969	-68.151762	-16.961423	0.592992	-88.209351	9.880668	-46.960399	
900	91.887059	-75.117475	-37.425173	59.146611	-9.916440	80.696587	77.646260	79.964955	64.876942	27.292861	-88.322368	-16.468245	78.575142	-94.531007	80.123125	-58.557632	28.881289	-89.338644	33.537108	51.295173	-11.911784	-38.611145	28.031475	-34.462969	-68.151762	-16.961423	0.592992	-88.209351	9.880668	-46.960399	
1050	11.916247	89.260516	69.240455	4.714270	91.119195	-76.249932	-39.089843	62.075703	96.293041	29.570932	93.298946	-21.439314	-7.041761	-80.551599	-47.651627	44.809160	-72.808272	-79.685182	-3.139493	74.488594	-0.159829	20.365086	30.475558	9.354662	13.900196	2.799385	64.713326	-51.684469	79.629810	19.273620	
1200	11.916247	89.260516	69.240455	4.714270	91.119195	-76.249932	-39.089843	62.075703	96.293041	29.570932	93.298946	-21.439314	-7.041761	-80.551599	-47.651627	44.809160	-72.808272	-79.685182	-3.139493	74.488594	-0.159829	20.365086	30.475558	9.354662	13.900196	2.799385	64.713326	-51.684469	79.629810	19.273620	
1350	11.916247	89.260516	69.240455	4.714270	91.119195	-76.249932	-39.089843	62.075703	96.293041	29.570932	93.298946	-21.439314	-7.041761	-80.551599	-47.651627	44.809160	-72.808272	-79.685182	-3.139493	74.488594	-0.159829	20.365086	30.475558	9.354662	13.900196	2.799385	64.713326	-51.684469	79.629810	19.273620	
1500	11.916247	89.260516	69.240455	4.714270	91.119195	-76.249932	-39.089843	62.075703	96.293041	29.570932	93.298946	-21.439314	-7.041761	-80.551599	-47.651627	44.809160	-72.808272	-79.685182	-3.139493	74.488594	-0.159829	20.365086	30.475558	9.354662	13.900196	2.799385	64.713326	-51.684469	79.629810	19.273620	
