%count	x
15	-87.162203	-57.806563	86.902373	-44.612438	52.388618	54.211757	91.501242	57.882086	59.761738	37.786529	59.977872	26.305383	6.447841	-89.891957	55.009957	-38.428900	-80.378504	-91.975544	-97.082112	53.701474	87.197689	43.300812	84.325442	-11.203816	-20.721987	-84.881259	-4.880868	-80.834085	-53.931771	-39.160327	
30	-32.378920	-98.950406	70.493417	-15.102176	22.831690	95.178930	-98.808003	85.432609	-61.640324	41.823910	-27.060854	81.197190	34.938935	43.705503	22.514775	-78.422623	-22.926873	-6.371597	33.560219	71.606711	19.564545	-66.174110	29.112433	-70.323170	-25.206489	49.725438	-64.669615	-72.448371	-88.497624	-58.970938	
45	-32.378920	-98.950406	70.493417	-15.102176	22.831690	95.178930	-98.808003	85.432609	-61.640324	41.823910	-27.060854	81.197190	34.938935	43.705503	22.514775	-78.422623	-22.926873	-6.371597	33.560219	71.606711	19.564545	-66.174110	29.112433	-70.323170	-25.206489	49.725438	-64.669615	-72.448371	-88.497624	-58.970938	
60	-32.378920	-98.950406	70.493417	-15.102176	22.831690	95.178930	-98.808003	85.432609	-61.640324	41.823910	-27.060854	81.197190	34.938935	43.705503	22.514775	-78.422623	-22.926873	-6.371597	33.560219	71.606711	19.564545	-66.174110	29.112433	-70.323170	-25.206489	49.725438	-64.669615	-72.448371	-88.497624	-58.970938	
75	-32.378920	-98.950406	70.493417	-15.102176	22.831690	95.178930	-98.808003	85.432609	-61.640324	41.823910	-27.060854	81.197190	34.938935	43.705503	22.514775	-78.422623	-22.926873	-6.371597	33.560219	71.606711	19.564545	-66.174110	29.112433	-70.323170	-25.206489	49.725438	-64.669615	-72.448371	-88.497624	-58.970938	
90	-69.594870	1.644569	-74.789174	-16.804435	-65.521277	38.156116	-15.982659	67.581261	-67.604506	16.237098	-94.965850	-42.698363	63.787505	87.248054	-91.144716	-14.733786	40.468458	71.688340	-73.315344	63.124418	88.672616	58.540726	59.498753	-44.254510	-55.350863	16.673359	27.147437	-95.127392	82.056969	73.156773	
105	-69.594870	1.644569	-74.789174	-16.804435	-65.521277	38.156116	-15.982659	67.581261	-67.604506	16.237098	-94.965850	-42.698363	63.787505	87.248054	-91.144716	-14.733786	40.468458	71.688340	-73.315344	63.124418	88.672616	58.540726	59.498753	-44.254510	-55.350863	16.673359	27.147437	-95.127392	82.056969	73.156773	
120	-33.993318	-8.319403	55.933505	55.768723	-58.785300	73.850853	99.820877	37.926133	52.297036	-99.105354	52.995754	-4.353094	86.960275	-46.100037	52.230419	73.667419	50.634651	-95.227318	-95.359624	-31.798572	63.702084	-65.615602	-85.243772	8.421682	52.380774	-27.447034	-4.860912	33.221234	19.484253	10.476921	
135	-33.993318	-8.319403	55.933505	55.768723	-58.785300	73.850853	99.820877	37.926133	52.297036	-99.105354	52.995754	-4.353094	86.960275	-46.100037	52.230419	73.667419	50.634651	-95.227318	-95.359624	-31.798572	63.702084	-65.615602	-85.243772	8.421682	52.380774	-27.447034	-4.860912	33.221234	19.484253	10.476921	
150	-33.993318	-8.319403	55.933505	55.768723	-58.785300	73.850853	99.820877	37.926133	52.297036	-99.105354	52.995754	-4.353094	86.960275	-46.100037	52.230419	73.667419	50.634651	-95.227318	-95.359624	-31.798572	63.702084	-65.615602	-85.243772	8.421682	52.380774	-27.447034	-4.860912	33.221234	19.484253	10.476921	
300	-33.993318	-8.319403	55.933505	55.768723	-58.785300	73.850853	99.820877	37.926133	52.297036	-99.105354	52.995754	-4.353094	86.960275	-46.100037	52.230419	73.667419	50.634651	-95.227318	-95.359624	-31.798572	63.702084	-65.615602	-85.243772	8.421682	52.380774	-27.447034	-4.860912	33.221234	19.484253	10.476921	
450	-33.993318	-8.319403	55.933505	55.768723	-58.785300	73.850853	99.820877	37.926133	52.297036	-99.105354	52.995754	-4.353094	86.960275	-46.100037	52.230419	73.667419	50.634651	-95.227318	-95.359624	-31.798572	63.702084	-65.615602	-85.243772	8.421682	52.380774	-27.447034	-4.860912	33.221234	19.484253	10.476921	
600	-33.993318	-8.319403	55.933505	55.768723	-58.785300	73.850853	99.820877	37.926133	52.297036	-99.105354	52.995754	-4.353094	86.960275	-46.100037	52.230419	73.667419	50.634651	-95.227318	-95.359624	-31.798572	63.702084	-65.615602	-85.243772	8.421682	52.380774	-27.447034	-4.860912	33.221234	19.484253	10.476921	
750	-44.243683	-65.551824	52.556135	55.433377	-65.788158	64.707687	44.358931	52.425465	20.564801	-86.478439	69.955969	40.352346	69.702914	-85.918684	30.361443	42.753895	-36.677777	-12.115452	-10.541626	39.751762	63.504286	33.793586	-14.433837	-22.712933	13.736742	-90.852190	-26.127308	71.204623	22.103857	-80.930032	
900	35.425283	42.965759	46.506829	-42.851998	66.747908	84.826201	-83.716819	-73.045099	58.003207	97.627997	-18.728138	-37.042004	27.809025	39.613564	-93.140019	30.210063	2.200680	40.314146	-4.513588	63.429342	-30.813658	-85.007593	-28.948907	-75.088359	46.472115	1.282864	-7.696173	-92.997904	72.407257	-70.734619	
1050	9.620054	82.729479	-12.804270	37.047928	75.152473	19.947323	84.892927	-70.234642	80.393015	7.553702	-34.639395	-96.042402	44.154032	-58.554405	-37.337790	17.329244	13.395272	-19.771640	38.893315	52.834011	-97.760923	10.503193	-80.548269	-83.293790	11.014643	96.477201	-67.460559	-20.935827	-85.548791	-60.781696	
1200	9.620054	82.729479	-12.804270	37.047928	75.152473	19.947323	84.892927	-70.234642	80.393015	7.553702	-34.639395	-96.042402	44.154032	-58.554405	-37.337790	17.329244	13.395272	-19.771640	38.893315	52.834011	-97.760923	10.503193	-80.548269	-83.293790	11.014643	96.477201	-67.460559	-20.935827	-85.548791	-60.781696	
1350	9.620054	82.729479	-12.804270	37.047928	75.152473	19.947323	84.892927	-70.234642	80.393015	7.553702	-34.639395	-96.042402	44.154032	-58.554405	-37.337790	17.329244	13.395272	-19.771640	38.893315	52.834011	-97.760923	10.503193	-80.548269	-83.293790	11.014643	96.477201	-67.460559	-20.935827	-85.548791	-60.781696	
1500	9.620054	82.729479	-12.804270	37.047928	75.152473	19.947323	84.892927	-70.234642	80.393015	7.553702	-34.639395	-96.042402	44.154032	-58.554405	-37.337790	17.329244	13.395272	-19.771640	38.893315	52.834011	-97.760923	10.503193	-80.548269	-83.293790	11.014643	96.477201	-67.460559	-20.935827	-85.548791	-60.781696	
