%count	x
15	98.352195	3.929936	-43.561540	-56.031808	-94.297241	-33.062438	23.536035	-6.142590	42.360878	45.650024	-65.071500	39.994251	49.106532	-96.726035	17.943581	7.428245	53.801488	-14.321974	-41.008693	92.108621	-11.363363	-17.942804	-60.481939	84.209679	53.090974	-50.746798	-54.076628	-58.339027	-0.379580	8.684535	
30	98.352195	3.929936	-43.561540	-56.031808	-94.297241	-33.062438	23.536035	-6.142590	42.360878	45.650024	-65.071500	39.994251	49.106532	-96.726035	17.943581	7.428245	53.801488	-14.321974	-41.008693	92.108621	-11.363363	-17.942804	-60.481939	84.209679	53.090974	-50.746798	-54.076628	-58.339027	-0.379580	8.684535	
45	98.352195	3.929936	-43.561540	-56.031808	-94.297241	-33.062438	23.536035	-6.142590	42.360878	45.650024	-65.071500	39.994251	49.106532	-96.726035	17.943581	7.428245	53.801488	-14.321974	-41.008693	92.108621	-11.363363	-17.942804	-60.481939	84.209679	53.090974	-50.746798	-54.076628	-58.339027	-0.379580	8.684535	
60	98.352195	3.929936	-43.561540	-56.031808	-94.297241	-33.062438	23.536035	-6.142590	42.360878	45.650024	-65.071500	39.994251	49.106532	-96.726035	17.943581	7.428245	53.801488	-14.321974	-41.008693	92.108621	-11.363363	-17.942804	-60.481939	84.209679	53.090974	-50.746798	-54.076628	-58.339027	-0.379580	8.684535	
75	98.352195	3.929936	-43.561540	-56.031808	-94.297241	-33.062438	23.536035	-6.142590	42.360878	45.650024	-65.071500	39.994251	49.106532	-96.726035	17.943581	7.428245	53.801488	-14.321974	-41.008693	92.108621	-11.363363	-17.942804	-60.481939	84.209679	53.090974	-50.746798	-54.076628	-58.339027	-0.379580	8.684535	
90	98.352195	3.929936	-43.561540	-56.031808	-94.297241	-33.062438	23.536035	-6.142590	42.360878	45.650024	-65.071500	39.994251	49.106532	-96.726035	17.943581	7.428245	53.801488	-14.321974	-41.008693	92.108621	-11.363363	-17.942804	-60.481939	84.209679	53.090974	-50.746798	-54.076628	-58.339027	-0.379580	8.684535	
105	98.352195	3.929936	-43.561540	-56.031808	-94.297241	-33.062438	23.536035	-6.142590	42.360878	45.650024	-65.071500	39.994251	49.106532	-96.726035	17.943581	7.428245	53.801488	-14.321974	-41.008693	92.108621	-11.363363	-17.942804	-60.481939	84.209679	53.090974	-50.746798	-54.076628	-58.339027	-0.379580	8.684535	
120	98.352195	3.929936	-43.561540	-56.031808	-94.297241	-33.062438	23.536035	-6.142590	42.360878	45.650024	-65.071500	39.994251	49.106532	-96.726035	17.943581	7.428245	53.801488	-14.321974	-41.008693	92.108621	-11.363363	-17.942804	-60.481939	84.209679	53.090974	-50.746798	-54.076628	-58.339027	-0.379580	8.684535	
135	19.888533	6.213618	66.960194	-61.804872	-95.228915	24.158315	-90.008767	-52.978924	1.949572	82.826314	47.900355	-80.830190	-29.362313	-4.471568	16.328292	-13.773979	-54.704915	51.366669	-80.662834	-41.076924	91.454627	-46.551101	-45.277003	49.025535	-8.248119	-70.302695	88.656124	-26.445563	69.568506	-63.331593	
150	19.888533	6.213618	66.960194	-61.804872	-95.228915	24.158315	-90.008767	-52.978924	1.949572	82.826314	47.900355	-80.830190	-29.362313	-4.471568	16.328292	-13.773979	-54.704915	51.366669	-80.662834	-41.076924	91.454627	-46.551101	-45.277003	49.025535	-8.248119	-70.302695	88.656124	-26.445563	69.568506	-63.331593	
300	19.888533	6.213618	66.960194	-61.804872	-95.228915	24.158315	-90.008767	-52.978924	1.949572	82.826314	47.900355	-80.830190	-29.362313	-4.471568	16.328292	-13.773979	-54.704915	51.366669	-80.662834	-41.076924	91.454627	-46.551101	-45.277003	49.025535	-8.248119	-70.302695	88.656124	-26.445563	69.568506	-63.331593	
450	-31.660597	57.150905	26.714395	64.390678	83.942802	93.057270	-47.157910	22.977480	-40.188553	-68.627329	-25.574915	-18.111397	-33.169161	53.635727	-99.270108	-74.648255	49.321612	97.320378	-64.331059	22.787240	40.335431	-78.580650	-75.227064	-6.194079	-80.442185	-16.141844	-79.680066	80.551871	-31.959860	56.851950	
600	-31.660597	57.150905	26.714395	64.390678	83.942802	93.057270	-47.157910	22.977480	-40.188553	-68.627329	-25.574915	-18.111397	-33.169161	53.635727	-99.270108	-74.648255	49.321612	97.320378	-64.331059	22.787240	40.335431	-78.580650	-75.227064	-6.194079	-80.442185	-16.141844	-79.680066	80.551871	-31.959860	56.851950	
750	19.900111	-24.309437	-17.090372	-35.271413	23.269783	-6.884254	17.897962	62.747291	-58.498126	93.617985	-24.570613	58.336103	18.325521	-38.973092	77.922186	-60.721096	62.215384	-28.090929	-4.491709	-81.616007	-50.748293	-51.453983	-99.371559	-18.319457	-76.907022	56.472019	-87.152171	16.767348	18.680870	1.392399	
900	19.900111	-24.309437	-17.090372	-35.271413	23.269783	-6.884254	17.897962	62.747291	-58.498126	93.617985	-24.570613	58.336103	18.325521	-38.973092	77.922186	-60.721096	62.215384	-28.090929	-4.491709	-81.616007	-50.748293	-51.453983	-99.371559	-18.319457	-76.907022	56.472019	-87.152171	16.767348	18.680870	1.392399	
1050	19.900111	-24.309437	-17.090372	-35.271413	23.269783	-6.884254	17.897962	62.747291	-58.498126	93.617985	-24.570613	58.336103	18.325521	-38.973092	77.922186	-60.721096	62.215384	-28.090929	-4.491709	-81.616007	-50.748293	-51.453983	-99.371559	-18.319457	-76.907022	56.472019	-87.152171	16.767348	18.680870	1.392399	
1200	19.900111	-24.309437	-17.090372	-35.271413	23.269783	-6.884254	17.897962	62.747291	-58.498126	93.617985	-24.570613	58.336103	18.325521	-38.973092	77.922186	-60.721096	62.215384	-28.090929	-4.491709	-81.616007	-50.748293	-51.453983	-99.371559	-18.319457	-76.907022	56.472019	-87.152171	16.767348	18.680870	1.392399	
1350	19.900111	-24.309437	-17.090372	-35.271413	23.269783	-6.884254	17.897962	62.747291	-58.498126	93.617985	-24.570613	58.336103	18.325521	-38.973092	77.922186	-60.721096	62.215384	-28.090929	-4.491709	-81.616007	-50.748293	-51.453983	-99.371559	-18.319457	-76.907022	56.472019	-87.152171	16.767348	18.680870	1.392399	
1500	19.900111	-24.309437	-17.090372	-35.271413	23.269783	-6.884254	17.897962	62.747291	-58.498126	93.617985	-24.570613	58.336103	18.325521	-38.973092	77.922186	-60.721096	62.215384	-28.090929	-4.491709	-81.616007	-50.748293	-51.453983	-99.371559	-18.319457	-76.907022	56.472019	-87.152171	16.767348	18.680870	1.392399	
