%count	x
15	81.528765	-65.189753	-33.573554	-16.960091	-45.545477	25.852743	-23.016609	-34.893518	-34.643852	13.517838	64.575642	-67.782822	-37.569848	95.245573	4.057362	-29.158225	97.524942	59.838572	-15.837990	-2.226875	10.916927	-94.205244	88.729268	-82.091140	-36.846421	-65.064684	48.741417	-70.372915	96.723324	78.555010	
30	42.264054	-29.649666	-1.942665	8.087095	-53.869764	-33.775494	-75.875991	93.887689	69.745405	62.386907	83.889016	-48.346243	36.745202	49.410466	5.917940	30.066875	63.954472	-77.929786	10.160081	-9.889477	59.294895	31.665802	77.556262	-18.278186	65.145376	-43.111500	-22.718379	26.331814	84.382473	13.057396	
45	-45.468261	24.765732	83.442549	-24.693525	80.202347	-86.032984	-60.589591	-10.064762	35.190092	29.167848	-13.313022	-59.031127	-16.115274	-9.775225	54.978480	-83.141682	80.644881	18.007221	-41.458300	-66.526915	52.703246	-51.368591	-48.149052	12.159246	28.427805	35.633515	-42.204104	-9.165086	63.109850	34.688271	
60	-45.468261	24.765732	83.442549	-24.693525	80.202347	-86.032984	-60.589591	-10.064762	35.190092	29.167848	-13.313022	-59.031127	-16.115274	-9.775225	54.978480	-83.141682	80.644881	18.007221	-41.458300	-66.526915	52.703246	-51.368591	-48.149052	12.159246	28.427805	35.633515	-42.204104	-9.165086	63.109850	34.688271	
75	-45.468261	24.765732	83.442549	-24.693525	80.202347	-86.032984	-60.589591	-10.064762	35.190092	29.167848	-13.313022	-59.031127	-16.115274	-9.775225	54.978480	-83.141682	80.644881	18.007221	-41.458300	-66.526915	52.703246	-51.368591	-48.149052	12.159246	28.427805	35.633515	-42.204104	-9.165086	63.109850	34.688271	
90	-45.468261	24.765732	83.442549	-24.693525	80.202347	-86.032984	-60.589591	-10.064762	35.190092	29.167848	-13.313022	-59.031127	-16.115274	-9.775225	54.978480	-83.141682	80.644881	18.007221	-41.458300	-66.526915	52.703246	-51.368591	-48.149052	12.159246	28.427805	35.633515	-42.204104	-9.165086	63.109850	34.688271	
105	-45.468261	24.765732	83.442549	-24.693525	80.202347	-86.032984	-60.589591	-10.064762	35.190092	29.167848	-13.313022	-59.031127	-16.115274	-9.775225	54.978480	-83.141682	80.644881	18.007221	-41.458300	-66.526915	52.703246	-51.368591	-48.149052	12.159246	28.427805	35.633515	-42.204104	-9.165086	63.109850	34.688271	
120	-45.468261	24.765732	83.442549	-24.693525	80.202347	-86.032984	-60.589591	-10.064762	35.190092	29.167848	-13.313022	-59.031127	-16.115274	-9.775225	54.978480	-83.141682	80.644881	18.007221	-41.458300	-66.526915	52.703246	-51.368591	-48.149052	12.159246	28.427805	35.633515	-42.204104	-9.165086	63.109850	34.688271	
135	-45.468261	24.765732	83.442549	-24.693525	80.202347	-86.032984	-60.589591	-10.064762	35.190092	29.167848	-13.313022	-59.031127	-16.115274	-9.775225	54.978480	-83.141682	80.644881	18.007221	-41.458300	-66.526915	52.703246	-51.368591	-48.149052	12.159246	28.427805	35.633515	-42.204104	-9.165086	63.109850	34.688271	
150	-45.468261	24.765732	83.442549	-24.693525	80.202347	-86.032984	-60.589591	-10.064762	35.190092	29.167848	-13.313022	-59.031127	-16.115274	-9.775225	54.978480	-83.141682	80.644881	18.007221	-41.458300	-66.526915	52.703246	-51.368591	-48.149052	12.159246	28.427805	35.633515	-42.204104	-9.165086	63.109850	34.688271	
300	-45.468261	24.765732	83.442549	-24.693525	80.202347	-86.032984	-60.589591	-10.064762	35.190092	29.167848	-13.313022	-59.031127	-16.115274	-9.775225	54.978480	-83.141682	80.644881	18.007221	-41.458300	-66.526915	52.703246	-51.368591	-48.149052	12.159246	28.427805	35.633515	-42.204104	-9.165086	63.109850	34.688271	
450	-45.468261	24.765732	83.442549	-24.693525	80.202347	-86.032984	-60.589591	-10.064762	35.190092	29.167848	-13.313022	-59.031127	-16.115274	-9.775225	54.978480	-83.141682	80.644881	18.007221	-41.458300	-66.526915	52.703246	-51.368591	-48.149052	12.159246	28.427805	35.633515	-42.204104	-9.165086	63.109850	34.688271	
600	-25.089345	74.383229	45.117998	70.516021	17.707835	-77.010129	-80.062739	73.196353	-58.295427	-7.726367	79.862824	1.098387	34.874500	6.257355	-5.096410	-25.590545	-24.546564	-57.707362	28.818719	0.758347	53.726619	19.433756	-78.406744	-71.482866	27.825348	98.431093	-37.604460	-16.414926	12.854567	-9.780881	
750	-25.089345	74.383229	45.117998	70.516021	17.707835	-77.010129	-80.062739	73.196353	-58.295427	-7.726367	79.862824	1.098387	34.874500	6.257355	-5.096410	-25.590545	-24.546564	-57.707362	28.818719	0.758347	53.726619	19.433756	-78.406744	-71.482866	27.825348	98.431093	-37.604460	-16.414926	12.854567	-9.780881	
900	-25.089345	74.383229	45.117998	70.516021	17.707835	-77.010129	-80.062739	73.196353	-58.295427	-7.726367	79.862824	1.098387	34.874500	6.257355	-5.096410	-25.590545	-24.546564	-57.707362	28.818719	0.758347	53.726619	19.433756	-78.406744	-71.482866	27.825348	98.431093	-37.604460	-16.414926	12.854567	-9.780881	
1050	-25.089345	74.383229	45.117998	70.516021	17.707835	-77.010129	-80.062739	73.196353	-58.295427	-7.726367	79.862824	1.098387	34.874500	6.257355	-5.096410	-25.590545	-24.546564	-57.707362	28.818719	0.758347	53.726619	19.433756	-78.406744	-71.482866	27.825348	98.431093	-37.604460	-16.414926	12.854567	-9.780881	
1200	-25.089345	74.383229	45.117998	70.516021	17.707835	-77.010129	-80.062739	73.196353	-58.295427	-7.726367	79.862824	1.098387	34.874500	6.257355	-5.096410	-25.590545	-24.546564	-57.707362	28.818719	0.758347	53.726619	19.433756	-78.406744	-71.482866	27.825348	98.431093	-37.604460	-16.414926	12.854567	-9.780881	
1350	-25.089345	74.383229	45.117998	70.516021	17.707835	-77.010129	-80.062739	73.196353	-58.295427	-7.726367	79.862824	1.098387	34.874500	6.257355	-5.096410	-25.590545	-24.546564	-57.707362	28.818719	0.758347	53.726619	19.433756	-78.406744	-71.482866	27.825348	98.431093	-37.604460	-16.414926	12.854567	-9.780881	
1500	-25.089345	74.383229	45.117998	70.516021	17.707835	-77.010129	-80.062739	73.196353	-58.295427	-7.726367	79.862824	1.098387	34.874500	6.257355	-5.096410	-25.590545	-24.546564	-57.707362	28.818719	0.758347	53.726619	19.433756	-78.406744	-71.482866	27.825348	98.431093	-37.604460	-16.414926	12.854567	-9.780881	
