%count	x
15	-92.672669	-65.843540	5.941694	9.664983	92.692328	46.710396	14.368354	-81.204131	-29.934305	73.125087	72.848888	44.822144	-83.765541	1.262753	76.206380	48.345720	58.831957	68.084997	-29.046128	18.302459	60.089865	-79.801935	67.588810	2.192821	67.407179	73.609148	-66.666514	-29.747041	-47.007127	78.009079	
30	-92.672669	-65.843540	5.941694	9.664983	92.692328	46.710396	14.368354	-81.204131	-29.934305	73.125087	72.848888	44.822144	-83.765541	1.262753	76.206380	48.345720	58.831957	68.084997	-29.046128	18.302459	60.089865	-79.801935	67.588810	2.192821	67.407179	73.609148	-66.666514	-29.747041	-47.007127	78.009079	
45	6.451046	-84.470503	-54.523298	-46.573883	84.005589	-81.175791	-50.746976	1.296184	62.440085	-78.367058	-93.668751	68.868616	-96.064478	64.115890	64.998634	87.241386	69.621919	-49.303018	33.660610	77.765243	39.728460	-40.193320	29.010693	2.909882	26.269681	-21.355278	-26.603456	35.485511	-73.287556	-60.971577	
60	6.451046	-84.470503	-54.523298	-46.573883	84.005589	-81.175791	-50.746976	1.296184	62.440085	-78.367058	-93.668751	68.868616	-96.064478	64.115890	64.998634	87.241386	69.621919	-49.303018	33.660610	77.765243	39.728460	-40.193320	29.010693	2.909882	26.269681	-21.355278	-26.603456	35.485511	-73.287556	-60.971577	
75	6.451046	-84.470503	-54.523298	-46.573883	84.005589	-81.175791	-50.746976	1.296184	62.440085	-78.367058	-93.668751	68.868616	-96.064478	64.115890	64.998634	87.241386	69.621919	-49.303018	33.660610	77.765243	39.728460	-40.193320	29.010693	2.909882	26.269681	-21.355278	-26.603456	35.485511	-73.287556	-60.971577	
90	6.451046	-84.470503	-54.523298	-46.573883	84.005589	-81.175791	-50.746976	1.296184	62.440085	-78.367058	-93.668751	68.868616	-96.064478	64.115890	64.998634	87.241386	69.621919	-49.303018	33.660610	77.765243	39.728460	-40.193320	29.010693	2.909882	26.269681	-21.355278	-26.603456	35.485511	-73.287556	-60.971577	
105	6.451046	-84.470503	-54.523298	-46.573883	84.005589	-81.175791	-50.746976	1.296184	62.440085	-78.367058	-93.668751	68.868616	-96.064478	64.115890	64.998634	87.241386	69.621919	-49.303018	33.660610	77.765243	39.728460	-40.193320	29.010693	2.909882	26.269681	-21.355278	-26.603456	35.485511	-73.287556	-60.971577	
120	6.451046	-84.470503	-54.523298	-46.573883	84.005589	-81.175791	-50.746976	1.296184	62.440085	-78.367058	-93.668751	68.868616	-96.064478	64.115890	64.998634	87.241386	69.621919	-49.303018	33.660610	77.765243	39.728460	-40.193320	29.010693	2.909882	26.269681	-21.355278	-26.603456	35.485511	-73.287556	-60.971577	
135	6.451046	-84.470503	-54.523298	-46.573883	84.005589	-81.175791	-50.746976	1.296184	62.440085	-78.367058	-93.668751	68.868616	-96.064478	64.115890	64.998634	87.241386	69.621919	-49.303018	33.660610	77.765243	39.728460	-40.193320	29.010693	2.909882	26.269681	-21.355278	-26.603456	35.485511	-73.287556	-60.971577	
150	6.451046	-84.470503	-54.523298	-46.573883	84.005589	-81.175791	-50.746976	1.296184	62.440085	-78.367058	-93.668751	68.868616	-96.064478	64.115890	64.998634	87.241386	69.621919	-49.303018	33.660610	77.765243	39.728460	-40.193320	29.010693	2.909882	26.269681	-21.355278	-26.603456	35.485511	-73.287556	-60.971577	
300	6.451046	-84.470503	-54.523298	-46.573883	84.005589	-81.175791	-50.746976	1.296184	62.440085	-78.367058	-93.668751	68.868616	-96.064478	64.115890	64.998634	87.241386	69.621919	-49.303018	33.660610	77.765243	39.728460	-40.193320	29.010693	2.909882	26.269681	-21.355278	-26.603456	35.485511	-73.287556	-60.971577	
450	6.451046	-84.470503	-54.523298	-46.573883	84.005589	-81.175791	-50.746976	1.296184	62.440085	-78.367058	-93.668751	68.868616	-96.064478	64.115890	64.998634	87.241386	69.621919	-49.303018	33.660610	77.765243	39.728460	-40.193320	29.010693	2.909882	26.269681	-21.355278	-26.603456	35.485511	-73.287556	-60.971577	
600	6.451046	-84.470503	-54.523298	-46.573883	84.005589	-81.175791	-50.746976	1.296184	62.440085	-78.367058	-93.668751	68.868616	-96.064478	64.115890	64.998634	87.241386	69.621919	-49.303018	33.660610	77.765243	39.728460	-40.193320	29.010693	2.909882	26.269681	-21.355278	-26.603456	35.485511	-73.287556	-60.971577	
750	-85.262887	-6.445607	-90.751544	-36.490353	70.157371	-3.550446	5.215560	74.855948	-86.682559	35.985615	3.748957	39.460679	-52.394945	86.347932	69.032248	42.292329	-6.709298	-31.461816	22.823656	-89.879001	48.879512	85.895970	64.841368	60.755344	-74.120217	-72.809856	77.971677	58.308516	-16.964624	15.764932	
900	-85.262887	-6.445607	-90.751544	-36.490353	70.157371	-3.550446	5.215560	74.855948	-86.682559	35.985615	3.748957	39.460679	-52.394945	86.347932	69.032248	42.292329	-6.709298	-31.461816	22.823656	-89.879001	48.879512	85.895970	64.841368	60.755344	-74.120217	-72.809856	77.971677	58.308516	-16.964624	15.764932	
1050	-85.262887	-6.445607	-90.751544	-36.490353	70.157371	-3.550446	5.215560	74.855948	-86.682559	35.985615	3.748957	39.460679	-52.394945	86.347932	69.032248	42.292329	-6.709298	-31.461816	22.823656	-89.879001	48.879512	85.895970	64.841368	60.755344	-74.120217	-72.809856	77.971677	58.308516	-16.964624	15.764932	
1200	-85.262887	-6.445607	-90.751544	-36.490353	70.157371	-3.550446	5.215560	74.855948	-86.682559	35.985615	3.748957	39.460679	-52.394945	86.347932	69.032248	42.292329	-6.709298	-31.461816	22.823656	-89.879001	48.879512	85.895970	64.841368	60.755344	-74.120217	-72.809856	77.971677	58.308516	-16.964624	15.764932	
1350	-85.262887	-6.445607	-90.751544	-36.490353	70.157371	-3.550446	5.215560	74.855948	-86.682559	35.985615	3.748957	39.460679	-52.394945	86.347932	69.032248	42.292329	-6.709298	-31.461816	22.823656	-89.879001	48.879512	85.895970	64.841368	60.755344	-74.120217	-72.809856	77.971677	58.308516	-16.964624	15.764932	
1500	-85.262887	-6.445607	-90.751544	-36.490353	70.157371	-3.550446	5.215560	74.855948	-86.682559	35.985615	3.748957	39.460679	-52.394945	86.347932	69.032248	42.292329	-6.709298	-31.461816	22.823656	-89.879001	48.879512	85.895970	64.841368	60.755344	-74.120217	-72.809856	77.971677	58.308516	-16.964624	15.764932	
