%count	x
15	-35.679397	-62.134245	-43.561219	-4.281008	36.619725	89.919040	-0.444490	-23.857341	-38.621750	0.179128	1.012661	39.326771	-17.701013	-7.586559	-20.749226	50.234824	-10.820980	-65.636780	92.520639	11.849698	-67.162127	66.424123	22.519342	-26.703553	86.850029	3.173489	-35.607291	40.030310	-78.139530	92.689491	
30	-35.679397	-62.134245	-43.561219	-4.281008	36.619725	89.919040	-0.444490	-23.857341	-38.621750	0.179128	1.012661	39.326771	-17.701013	-7.586559	-20.749226	50.234824	-10.820980	-65.636780	92.520639	11.849698	-67.162127	66.424123	22.519342	-26.703553	86.850029	3.173489	-35.607291	40.030310	-78.139530	92.689491	
45	45.628674	92.990449	38.656095	71.369690	45.960386	12.694451	-59.900693	-70.388022	-28.779969	-19.356239	-13.195659	60.523177	-42.723430	-26.735120	20.897792	67.953818	0.643421	-5.106380	-59.457629	25.677908	-64.596504	-36.461806	24.938101	-95.756393	91.218370	63.061156	0.359584	-73.431323	80.759159	-42.358851	
60	61.380563	47.325171	55.493493	53.644734	17.065419	-57.659026	-90.695637	52.012811	73.800275	-75.692889	-45.198118	-16.004742	62.261025	-11.025918	-10.384902	18.241705	40.024666	97.991442	95.821844	-87.183818	-56.844197	99.625580	89.556093	-45.655530	75.805616	-54.807219	30.596533	-54.339998	-43.546725	-41.322891	
75	61.380563	47.325171	55.493493	53.644734	17.065419	-57.659026	-90.695637	52.012811	73.800275	-75.692889	-45.198118	-16.004742	62.261025	-11.025918	-10.384902	18.241705	40.024666	97.991442	95.821844	-87.183818	-56.844197	99.625580	89.556093	-45.655530	75.805616	-54.807219	30.596533	-54.339998	-43.546725	-41.322891	
90	49.533591	4.845720	87.623608	0.586084	-38.678759	22.156336	24.727824	-9.321697	39.781330	-63.281791	-19.862292	46.092100	-72.342248	56.202560	46.207073	68.989285	-16.343556	9.249822	-25.893839	98.798492	-76.683830	58.038274	96.724289	14.976894	22.600514	81.439832	0.305943	9.896896	-64.447882	80.635739	
105	49.533591	4.845720	87.623608	0.586084	-38.678759	22.156336	24.727824	-9.321697	39.781330	-63.281791	-19.862292	46.092100	-72.342248	56.202560	46.207073	68.989285	-16.343556	9.249822	-25.893839	98.798492	-76.683830	58.038274	96.724289	14.976894	22.600514	81.439832	0.305943	9.896896	-64.447882	80.635739	
120	49.533591	4.845720	87.623608	0.586084	-38.678759	22.156336	24.727824	-9.321697	39.781330	-63.281791	-19.862292	46.092100	-72.342248	56.202560	46.207073	68.989285	-16.343556	9.249822	-25.893839	98.798492	-76.683830	58.038274	96.724289	14.976894	22.600514	81.439832	0.305943	9.896896	-64.447882	80.635739	
135	49.533591	4.845720	87.623608	0.586084	-38.678759	22.156336	24.727824	-9.321697	39.781330	-63.281791	-19.862292	46.092100	-72.342248	56.202560	46.207073	68.989285	-16.343556	9.249822	-25.893839	98.798492	-76.683830	58.038274	96.724289	14.976894	22.600514	81.439832	0.305943	9.896896	-64.447882	80.635739	
150	49.533591	4.845720	87.623608	0.586084	-38.678759	22.156336	24.727824	-9.321697	39.781330	-63.281791	-19.862292	46.092100	-72.342248	56.202560	46.207073	68.989285	-16.343556	9.249822	-25.893839	98.798492	-76.683830	58.038274	96.724289	14.976894	22.600514	81.439832	0.305943	9.896896	-64.447882	80.635739	
300	58.892041	93.454266	21.021031	16.719890	79.667521	41.758783	-68.401505	0.600474	-10.765264	-15.582594	-72.964203	-50.998008	64.846520	1.967990	92.918174	99.031491	47.602406	69.671141	37.770862	-47.183468	27.663440	6.617608	78.482885	-68.184665	84.811350	82.312349	51.703704	3.451207	74.313189	82.143327	
450	58.892041	93.454266	21.021031	16.719890	79.667521	41.758783	-68.401505	0.600474	-10.765264	-15.582594	-72.964203	-50.998008	64.846520	1.967990	92.918174	99.031491	47.602406	69.671141	37.770862	-47.183468	27.663440	6.617608	78.482885	-68.184665	84.811350	82.312349	51.703704	3.451207	74.313189	82.143327	
600	58.892041	93.454266	21.021031	16.719890	79.667521	41.758783	-68.401505	0.600474	-10.765264	-15.582594	-72.964203	-50.998008	64.846520	1.967990	92.918174	99.031491	47.602406	69.671141	37.770862	-47.183468	27.663440	6.617608	78.482885	-68.184665	84.811350	82.312349	51.703704	3.451207	74.313189	82.143327	
750	58.892041	93.454266	21.021031	16.719890	79.667521	41.758783	-68.401505	0.600474	-10.765264	-15.582594	-72.964203	-50.998008	64.846520	1.967990	92.918174	99.031491	47.602406	69.671141	37.770862	-47.183468	27.663440	6.617608	78.482885	-68.184665	84.811350	82.312349	51.703704	3.451207	74.313189	82.143327	
900	58.892041	93.454266	21.021031	16.719890	79.667521	41.758783	-68.401505	0.600474	-10.765264	-15.582594	-72.964203	-50.998008	64.846520	1.967990	92.918174	99.031491	47.602406	69.671141	37.770862	-47.183468	27.663440	6.617608	78.482885	-68.184665	84.811350	82.312349	51.703704	3.451207	74.313189	82.143327	
1050	58.892041	93.454266	21.021031	16.719890	79.667521	41.758783	-68.401505	0.600474	-10.765264	-15.582594	-72.964203	-50.998008	64.846520	1.967990	92.918174	99.031491	47.602406	69.671141	37.770862	-47.183468	27.663440	6.617608	78.482885	-68.184665	84.811350	82.312349	51.703704	3.451207	74.313189	82.143327	
1200	58.892041	93.454266	21.021031	16.719890	79.667521	41.758783	-68.401505	0.600474	-10.765264	-15.582594	-72.964203	-50.998008	64.846520	1.967990	92.918174	99.031491	47.602406	69.671141	37.770862	-47.183468	27.663440	6.617608	78.482885	-68.184665	84.811350	82.312349	51.703704	3.451207	74.313189	82.143327	
1350	58.892041	93.454266	21.021031	16.719890	79.667521	41.758783	-68.401505	0.600474	-10.765264	-15.582594	-72.964203	-50.998008	64.846520	1.967990	92.918174	99.031491	47.602406	69.671141	37.770862	-47.183468	27.663440	6.617608	78.482885	-68.184665	84.811350	82.312349	51.703704	3.451207	74.313189	82.143327	
1500	58.892041	93.454266	21.021031	16.719890	79.667521	41.758783	-68.401505	0.600474	-10.765264	-15.582594	-72.964203	-50.998008	64.846520	1.967990	92.918174	99.031491	47.602406	69.671141	37.770862	-47.183468	27.663440	6.617608	78.482885	-68.184665	84.811350	82.312349	51.703704	3.451207	74.313189	82.143327	
