%count	x
15	-55.701820	20.366711	-83.672974	16.361011	91.183731	87.826814	23.663517	13.364348	42.427667	27.914036	74.090024	7.478171	-20.314210	-47.238004	-9.925921	-20.893341	5.227744	-32.721242	26.935751	24.090773	-23.931088	-11.649067	14.985922	-72.352013	-82.382138	71.392460	72.890642	34.265322	-33.606900	-72.967625	
30	-55.701820	20.366711	-83.672974	16.361011	91.183731	87.826814	23.663517	13.364348	42.427667	27.914036	74.090024	7.478171	-20.314210	-47.238004	-9.925921	-20.893341	5.227744	-32.721242	26.935751	24.090773	-23.931088	-11.649067	14.985922	-72.352013	-82.382138	71.392460	72.890642	34.265322	-33.606900	-72.967625	
45	-55.701820	20.366711	-83.672974	16.361011	91.183731	87.826814	23.663517	13.364348	42.427667	27.914036	74.090024	7.478171	-20.314210	-47.238004	-9.925921	-20.893341	5.227744	-32.721242	26.935751	24.090773	-23.931088	-11.649067	14.985922	-72.352013	-82.382138	71.392460	72.890642	34.265322	-33.606900	-72.967625	
60	-55.701820	20.366711	-83.672974	16.361011	91.183731	87.826814	23.663517	13.364348	42.427667	27.914036	74.090024	7.478171	-20.314210	-47.238004	-9.925921	-20.893341	5.227744	-32.721242	26.935751	24.090773	-23.931088	-11.649067	14.985922	-72.352013	-82.382138	71.392460	72.890642	34.265322	-33.606900	-72.967625	
75	-1.486947	88.735768	12.541771	-36.652033	55.229548	24.528683	37.613991	-64.813574	-4.007704	-42.664746	20.884208	-58.952494	-16.253669	-10.556276	23.431492	31.255934	73.553123	-24.409734	-45.016774	18.611852	97.373905	-15.691584	-51.682361	56.517678	28.018299	44.962813	-26.148998	-66.470529	-58.989957	-81.848743	
90	-1.486947	88.735768	12.541771	-36.652033	55.229548	24.528683	37.613991	-64.813574	-4.007704	-42.664746	20.884208	-58.952494	-16.253669	-10.556276	23.431492	31.255934	73.553123	-24.409734	-45.016774	18.611852	97.373905	-15.691584	-51.682361	56.517678	28.018299	44.962813	-26.148998	-66.470529	-58.989957	-81.848743	
105	-1.486947	88.735768	12.541771	-36.652033	55.229548	24.528683	37.613991	-64.813574	-4.007704	-42.664746	20.884208	-58.952494	-16.253669	-10.556276	23.431492	31.255934	73.553123	-24.409734	-45.016774	18.611852	97.373905	-15.691584	-51.682361	56.517678	28.018299	44.962813	-26.148998	-66.470529	-58.989957	-81.848743	
120	-1.486947	88.735768	12.541771	-36.652033	55.229548	24.528683	37.613991	-64.813574	-4.007704	-42.664746	20.884208	-58.952494	-16.253669	-10.556276	23.431492	31.255934	73.553123	-24.409734	-45.016774	18.611852	97.373905	-15.691584	-51.682361	56.517678	28.018299	44.962813	-26.148998	-66.470529	-58.989957	-81.848743	
135	-1.486947	88.735768	12.541771	-36.652033	55.229548	24.528683	37.613991	-64.813574	-4.007704	-42.664746	20.884208	-58.952494	-16.253669	-10.556276	23.431492	31.255934	73.553123	-24.409734	-45.016774	18.611852	97.373905	-15.691584	-51.682361	56.517678	28.018299	44.962813	-26.148998	-66.470529	-58.989957	-81.848743	
150	-1.486947	88.735768	12.541771	-36.652033	55.229548	24.528683	37.613991	-64.813574	-4.007704	-42.664746	20.884208	-58.952494	-16.253669	-10.556276	23.431492	31.255934	73.553123	-24.409734	-45.016774	18.611852	97.373905	-15.691584	-51.682361	56.517678	28.018299	44.962813	-26.148998	-66.470529	-58.989957	-81.848743	
300	-1.486947	88.735768	12.541771	-36.652033	55.229548	24.528683	37.613991	-64.813574	-4.007704	-42.664746	20.884208	-58.952494	-16.253669	-10.556276	23.431492	31.255934	73.553123	-24.409734	-45.016774	18.611852	97.373905	-15.691584	-51.682361	56.517678	28.018299	44.962813	-26.148998	-66.470529	-58.989957	-81.848743	
450	40.074843	25.195759	-61.029129	-34.696023	79.562825	65.565709	-30.848353	-14.347971	27.705907	-4.750322	60.098190	-83.467636	32.637566	43.628681	81.867709	21.631724	-23.372143	-25.045499	-70.952370	90.110357	31.613895	0.787268	25.829140	-13.192238	35.200366	96.276272	50.581113	-46.158868	-69.023169	-46.270648	
600	-23.080479	55.044639	-21.967531	-6.297220	80.859078	70.195030	-30.859266	-26.138724	-1.432534	-67.487135	-2.788527	-74.813227	-26.963547	20.454617	-30.811370	24.276997	13.995484	-67.483519	16.797602	86.907300	22.299847	-17.578064	85.284628	-36.805665	-21.389552	61.066909	-73.992299	1.932355	-35.430722	-75.822956	
750	-23.080479	55.044639	-21.967531	-6.297220	80.859078	70.195030	-30.859266	-26.138724	-1.432534	-67.487135	-2.788527	-74.813227	-26.963547	20.454617	-30.811370	24.276997	13.995484	-67.483519	16.797602	86.907300	22.299847	-17.578064	85.284628	-36.805665	-21.389552	61.066909	-73.992299	1.932355	-35.430722	-75.822956	
900	-23.080479	55.044639	-21.967531	-6.297220	80.859078	70.195030	-30.859266	-26.138724	-1.432534	-67.487135	-2.788527	-74.813227	-26.963547	20.454617	-30.811370	24.276997	13.995484	-67.483519	16.797602	86.907300	22.299847	-17.578064	85.284628	-36.805665	-21.389552	61.066909	-73.992299	1.932355	-35.430722	-75.822956	
1050	-23.080479	55.044639	-21.967531	-6.297220	80.859078	70.195030	-30.859266	-26.138724	-1.432534	-67.487135	-2.788527	-74.813227	-26.963547	20.454617	-30.811370	24.276997	13.995484	-67.483519	16.797602	86.907300	22.299847	-17.578064	85.284628	-36.805665	-21.389552	61.066909	-73.992299	1.932355	-35.430722	-75.822956	
1200	-23.080479	55.044639	-21.967531	-6.297220	80.859078	70.195030	-30.859266	-26.138724	-1.432534	-67.487135	-2.788527	-74.813227	-26.963547	20.454617	-30.811370	24.276997	13.995484	-67.483519	16.797602	86.907300	22.299847	-17.578064	85.284628	-36.805665	-21.389552	61.066909	-73.992299	1.932355	-35.430722	-75.822956	
1350	-23.080479	55.044639	-21.967531	-6.297220	80.859078	70.195030	-30.859266	-26.138724	-1.432534	-67.487135	-2.788527	-74.813227	-26.963547	20.454617	-30.811370	24.276997	13.995484	-67.483519	16.797602	86.907300	22.299847	-17.578064	85.284628	-36.805665	-21.389552	61.066909	-73.992299	1.932355	-35.430722	-75.822956	
1500	-23.080479	55.044639	-21.967531	-6.297220	80.859078	70.195030	-30.859266	-26.138724	-1.432534	-67.487135	-2.788527	-74.813227	-26.963547	20.454617	-30.811370	24.276997	13.995484	-67.483519	16.797602	86.907300	22.299847	-17.578064	85.284628	-36.805665	-21.389552	61.066909	-73.992299	1.932355	-35.430722	-75.822956	
