%count	x
15	-47.886552	-37.433229	-49.086328	-84.543656	37.080090	-80.205463	-20.515763	-9.644474	58.690330	-82.893517	-93.368844	-24.948138	-31.013419	-80.583477	-90.494771	12.301353	-68.863406	56.862382	-32.829537	51.854401	8.528141	10.483770	-60.434731	12.882409	-94.488505	-99.194419	-27.191453	-29.795163	-26.663561	12.715645	
30	-74.349977	-35.921587	-6.230391	-50.044555	39.462573	34.172605	9.195348	81.116052	-85.023887	-26.051220	2.250023	60.382087	-11.628252	72.357126	-68.433786	-2.168459	1.421341	-0.047738	-69.372745	-84.608812	-86.432666	2.602120	42.228990	69.441301	-95.896408	-39.356198	-53.485803	88.871491	17.401440	-8.450968	
45	-74.349977	-35.921587	-6.230391	-50.044555	39.462573	34.172605	9.195348	81.116052	-85.023887	-26.051220	2.250023	60.382087	-11.628252	72.357126	-68.433786	-2.168459	1.421341	-0.047738	-69.372745	-84.608812	-86.432666	2.602120	42.228990	69.441301	-95.896408	-39.356198	-53.485803	88.871491	17.401440	-8.450968	
60	-74.349977	-35.921587	-6.230391	-50.044555	39.462573	34.172605	9.195348	81.116052	-85.023887	-26.051220	2.250023	60.382087	-11.628252	72.357126	-68.433786	-2.168459	1.421341	-0.047738	-69.372745	-84.608812	-86.432666	2.602120	42.228990	69.441301	-95.896408	-39.356198	-53.485803	88.871491	17.401440	-8.450968	
75	7.879198	17.410277	1.589518	88.514452	-18.465360	-86.963506	-74.627950	-33.074609	25.017742	-27.238156	11.499316	63.949863	4.518853	-3.412689	-94.557008	-41.344397	-21.975315	-62.715146	-10.516011	-28.770490	64.687148	42.189412	-77.937106	27.101255	-22.344193	-27.373608	93.971103	-70.197722	-70.270084	-47.608542	
90	7.879198	17.410277	1.589518	88.514452	-18.465360	-86.963506	-74.627950	-33.074609	25.017742	-27.238156	11.499316	63.949863	4.518853	-3.412689	-94.557008	-41.344397	-21.975315	-62.715146	-10.516011	-28.770490	64.687148	42.189412	-77.937106	27.101255	-22.344193	-27.373608	93.971103	-70.197722	-70.270084	-47.608542	
105	7.879198	17.410277	1.589518	88.514452	-18.465360	-86.963506	-74.627950	-33.074609	25.017742	-27.238156	11.499316	63.949863	4.518853	-3.412689	-94.557008	-41.344397	-21.975315	-62.715146	-10.516011	-28.770490	64.687148	42.189412	-77.937106	27.101255	-22.344193	-27.373608	93.971103	-70.197722	-70.270084	-47.608542	
120	7.879198	17.410277	1.589518	88.514452	-18.465360	-86.963506	-74.627950	-33.074609	25.017742	-27.238156	11.499316	63.949863	4.518853	-3.412689	-94.557008	-41.344397	-21.975315	-62.715146	-10.516011	-28.770490	64.687148	42.189412	-77.937106	27.101255	-22.344193	-27.373608	93.971103	-70.197722	-70.270084	-47.608542	
135	-13.824936	38.577360	-58.746549	-82.291322	32.985790	56.559532	-10.906513	-34.267098	23.965423	43.008103	-81.398397	31.838299	-15.503469	-26.601991	-23.933078	-19.816441	-47.273211	-74.668206	-75.989518	36.453592	61.353137	8.530116	-34.660547	-28.678905	-53.152758	-21.302745	10.505047	0.278048	-99.388996	-18.990108	
150	-13.824936	38.577360	-58.746549	-82.291322	32.985790	56.559532	-10.906513	-34.267098	23.965423	43.008103	-81.398397	31.838299	-15.503469	-26.601991	-23.933078	-19.816441	-47.273211	-74.668206	-75.989518	36.453592	61.353137	8.530116	-34.660547	-28.678905	-53.152758	-21.302745	10.505047	0.278048	-99.388996	-18.990108	
300	84.868852	50.982423	89.607883	-23.056238	-92.097145	93.786996	-15.530244	90.628674	99.491122	10.195198	-88.958431	3.595163	-51.240150	-84.902649	-39.737698	-79.311852	82.373520	-84.700140	15.111702	19.725598	-13.702987	92.060789	88.176395	-32.244320	38.923359	-6.409691	-57.954551	-52.226570	17.834512	26.642201	
450	84.868852	50.982423	89.607883	-23.056238	-92.097145	93.786996	-15.530244	90.628674	99.491122	10.195198	-88.958431	3.595163	-51.240150	-84.902649	-39.737698	-79.311852	82.373520	-84.700140	15.111702	19.725598	-13.702987	92.060789	88.176395	-32.244320	38.923359	-6.409691	-57.954551	-52.226570	17.834512	26.642201	
600	84.868852	50.982423	89.607883	-23.056238	-92.097145	93.786996	-15.530244	90.628674	99.491122	10.195198	-88.958431	3.595163	-51.240150	-84.902649	-39.737698	-79.311852	82.373520	-84.700140	15.111702	19.725598	-13.702987	92.060789	88.176395	-32.244320	38.923359	-6.409691	-57.954551	-52.226570	17.834512	26.642201	
750	84.868852	50.982423	89.607883	-23.056238	-92.097145	93.786996	-15.530244	90.628674	99.491122	10.195198	-88.958431	3.595163	-51.240150	-84.902649	-39.737698	-79.311852	82.373520	-84.700140	15.111702	19.725598	-13.702987	92.060789	88.176395	-32.244320	38.923359	-6.409691	-57.954551	-52.226570	17.834512	26.642201	
900	84.868852	50.982423	89.607883	-23.056238	-92.097145	93.786996	-15.530244	90.628674	99.491122	10.195198	-88.958431	3.595163	-51.240150	-84.902649	-39.737698	-79.311852	82.373520	-84.700140	15.111702	19.725598	-13.702987	92.060789	88.176395	-32.244320	38.923359	-6.409691	-57.954551	-52.226570	17.834512	26.642201	
1050	84.868852	50.982423	89.607883	-23.056238	-92.097145	93.786996	-15.530244	90.628674	99.491122	10.195198	-88.958431	3.595163	-51.240150	-84.902649	-39.737698	-79.311852	82.373520	-84.700140	15.111702	19.725598	-13.702987	92.060789	88.176395	-32.244320	38.923359	-6.409691	-57.954551	-52.226570	17.834512	26.642201	
1200	84.868852	50.982423	89.607883	-23.056238	-92.097145	93.786996	-15.530244	90.628674	99.491122	10.195198	-88.958431	3.595163	-51.240150	-84.902649	-39.737698	-79.311852	82.373520	-84.700140	15.111702	19.725598	-13.702987	92.060789	88.176395	-32.244320	38.923359	-6.409691	-57.954551	-52.226570	17.834512	26.642201	
1350	84.868852	50.982423	89.607883	-23.056238	-92.097145	93.786996	-15.530244	90.628674	99.491122	10.195198	-88.958431	3.595163	-51.240150	-84.902649	-39.737698	-79.311852	82.373520	-84.700140	15.111702	19.725598	-13.702987	92.060789	88.176395	-32.244320	38.923359	-6.409691	-57.954551	-52.226570	17.834512	26.642201	
1500	25.080375	-90.105453	3.486690	-9.793278	-71.929985	-42.564884	-91.897291	90.333604	-58.545354	-48.259624	-91.241098	-26.408868	-56.796793	-20.195131	-60.544107	-40.635218	67.423819	24.012663	59.500069	-26.000336	-38.103128	41.887878	84.540986	7.425244	-69.431759	-11.565232	-62.878807	-21.534797	-7.003343	-41.638276	
