%count	x
15	-26.452087	21.098484	38.338164	-0.875973	10.061987	6.637226	48.442981	19.173776	-65.555611	-87.746000	-65.932347	46.904939	11.202696	-20.802258	1.541779	-32.621867	-81.284532	37.499737	13.615179	-39.767993	-13.827613	-89.632546	39.599276	22.076036	-10.502881	-6.202859	36.299352	21.853737	6.109412	84.657331	
30	-26.452087	21.098484	38.338164	-0.875973	10.061987	6.637226	48.442981	19.173776	-65.555611	-87.746000	-65.932347	46.904939	11.202696	-20.802258	1.541779	-32.621867	-81.284532	37.499737	13.615179	-39.767993	-13.827613	-89.632546	39.599276	22.076036	-10.502881	-6.202859	36.299352	21.853737	6.109412	84.657331	
45	-26.452087	21.098484	38.338164	-0.875973	10.061987	6.637226	48.442981	19.173776	-65.555611	-87.746000	-65.932347	46.904939	11.202696	-20.802258	1.541779	-32.621867	-81.284532	37.499737	13.615179	-39.767993	-13.827613	-89.632546	39.599276	22.076036	-10.502881	-6.202859	36.299352	21.853737	6.109412	84.657331	
60	15.469392	20.683145	1.185736	68.536322	-82.253946	-13.493739	39.845130	-24.513772	-17.939747	-82.930880	88.287818	1.014059	-32.869120	-59.785803	66.038377	-51.541337	89.768118	0.104040	-8.771288	-84.444173	68.982900	-16.062413	-19.788936	-7.876722	88.195305	31.241910	-37.227283	50.365162	44.078897	-52.174943	
75	15.469392	20.683145	1.185736	68.536322	-82.253946	-13.493739	39.845130	-24.513772	-17.939747	-82.930880	88.287818	1.014059	-32.869120	-59.785803	66.038377	-51.541337	89.768118	0.104040	-8.771288	-84.444173	68.982900	-16.062413	-19.788936	-7.876722	88.195305	31.241910	-37.227283	50.365162	44.078897	-52.174943	
90	61.124092	-38.087765	89.305203	28.610781	87.811063	73.490259	53.188909	18.383489	-84.717343	-90.637468	-21.475315	-98.236711	-96.025968	-61.734698	-63.516800	-0.713908	-26.515867	-90.888451	-88.026614	2.170189	-5.266955	-35.170527	36.881917	13.677519	-91.318944	34.977707	1.640127	-12.358023	-86.653744	-62.518336	
105	81.169225	85.451918	-23.213656	-67.217800	-2.801042	-45.499470	7.257354	-79.751298	56.168824	41.351593	-90.369758	-26.969868	-60.630954	-66.000490	-93.897918	-64.086916	-89.704104	-93.408349	15.033518	-79.356484	-65.552189	36.866780	7.724358	-69.009444	-15.001046	9.949243	9.003257	-56.191035	-74.038748	63.707909	
120	81.169225	85.451918	-23.213656	-67.217800	-2.801042	-45.499470	7.257354	-79.751298	56.168824	41.351593	-90.369758	-26.969868	-60.630954	-66.000490	-93.897918	-64.086916	-89.704104	-93.408349	15.033518	-79.356484	-65.552189	36.866780	7.724358	-69.009444	-15.001046	9.949243	9.003257	-56.191035	-74.038748	63.707909	
135	81.169225	85.451918	-23.213656	-67.217800	-2.801042	-45.499470	7.257354	-79.751298	56.168824	41.351593	-90.369758	-26.969868	-60.630954	-66.000490	-93.897918	-64.086916	-89.704104	-93.408349	15.033518	-79.356484	-65.552189	36.866780	7.724358	-69.009444	-15.001046	9.949243	9.003257	-56.191035	-74.038748	63.707909	
150	81.169225	85.451918	-23.213656	-67.217800	-2.801042	-45.499470	7.257354	-79.751298	56.168824	41.351593	-90.369758	-26.969868	-60.630954	-66.000490	-93.897918	-64.086916	-89.704104	-93.408349	15.033518	-79.356484	-65.552189	36.866780	7.724358	-69.009444	-15.001046	9.949243	9.003257	-56.191035	-74.038748	63.707909	
300	-41.501071	-54.579996	46.581469	39.070857	28.359214	-37.624549	42.907062	30.103769	-27.077087	-44.104147	-12.557955	-25.641438	-27.668322	-7.715333	-85.752705	-53.634472	-36.881459	-8.259655	2.591930	-45.324600	-74.744401	-82.901140	-8.448124	-58.406704	-4.525644	7.847891	88.213217	21.362054	-13.956954	63.443140	
450	-41.501071	-54.579996	46.581469	39.070857	28.359214	-37.624549	42.907062	30.103769	-27.077087	-44.104147	-12.557955	-25.641438	-27.668322	-7.715333	-85.752705	-53.634472	-36.881459	-8.259655	2.591930	-45.324600	-74.744401	-82.901140	-8.448124	-58.406704	-4.525644	7.847891	88.213217	21.362054	-13.956954	63.443140	
600	-41.501071	-54.579996	46.581469	39.070857	28.359214	-37.624549	42.907062	30.103769	-27.077087	-44.104147	-12.557955	-25.641438	-27.668322	-7.715333	-85.752705	-53.634472	-36.881459	-8.259655	2.591930	-45.324600	-74.744401	-82.901140	-8.448124	-58.406704	-4.525644	7.847891	88.213217	21.362054	-13.956954	63.443140	
750	-41.501071	-54.579996	46.581469	39.070857	28.359214	-37.624549	42.907062	30.103769	-27.077087	-44.104147	-12.557955	-25.641438	-27.668322	-7.715333	-85.752705	-53.634472	-36.881459	-8.259655	2.591930	-45.324600	-74.744401	-82.901140	-8.448124	-58.406704	-4.525644	7.847891	88.213217	21.362054	-13.956954	63.443140	
900	-41.501071	-54.579996	46.581469	39.070857	28.359214	-37.624549	42.907062	30.103769	-27.077087	-44.104147	-12.557955	-25.641438	-27.668322	-7.715333	-85.752705	-53.634472	-36.881459	-8.259655	2.591930	-45.324600	-74.744401	-82.901140	-8.448124	-58.406704	-4.525644	7.847891	88.213217	21.362054	-13.956954	63.443140	
1050	-41.501071	-54.579996	46.581469	39.070857	28.359214	-37.624549	42.907062	30.103769	-27.077087	-44.104147	-12.557955	-25.641438	-27.668322	-7.715333	-85.752705	-53.634472	-36.881459	-8.259655	2.591930	-45.324600	-74.744401	-82.901140	-8.448124	-58.406704	-4.525644	7.847891	88.213217	21.362054	-13.956954	63.443140	
1200	-41.501071	-54.579996	46.581469	39.070857	28.359214	-37.624549	42.907062	30.103769	-27.077087	-44.104147	-12.557955	-25.641438	-27.668322	-7.715333	-85.752705	-53.634472	-36.881459	-8.259655	2.591930	-45.324600	-74.744401	-82.901140	-8.448124	-58.406704	-4.525644	7.847891	88.213217	21.362054	-13.956954	63.443140	
1350	-41.501071	-54.579996	46.581469	39.070857	28.359214	-37.624549	42.907062	30.103769	-27.077087	-44.104147	-12.557955	-25.641438	-27.668322	-7.715333	-85.752705	-53.634472	-36.881459	-8.259655	2.591930	-45.324600	-74.744401	-82.901140	-8.448124	-58.406704	-4.525644	7.847891	88.213217	21.362054	-13.956954	63.443140	
1500	12.180965	81.609706	-42.418180	87.292542	0.113379	24.680018	-11.850737	-78.138018	2.587469	-37.131739	-2.012748	4.572053	-29.234247	75.660604	-91.668487	-32.582054	-26.079709	-49.895026	31.331170	45.714404	70.560946	45.134395	-56.050365	-16.673301	32.501017	31.613404	-56.154920	78.030469	-48.158506	-72.197809	
