%count	x
15	-28.608435	-93.700493	-89.460534	80.055500	-95.869494	5.932282	45.710647	30.468672	74.662953	-19.223761	88.070024	-40.988135	91.583353	22.038985	86.685674	64.432139	-68.029638	-88.050935	64.708159	84.514128	-5.084880	-40.060017	-68.888515	-13.508592	57.193247	-78.970494	36.457115	75.019846	-50.988077	13.227103	
30	-28.608435	-93.700493	-89.460534	80.055500	-95.869494	5.932282	45.710647	30.468672	74.662953	-19.223761	88.070024	-40.988135	91.583353	22.038985	86.685674	64.432139	-68.029638	-88.050935	64.708159	84.514128	-5.084880	-40.060017	-68.888515	-13.508592	57.193247	-78.970494	36.457115	75.019846	-50.988077	13.227103	
45	-28.608435	-93.700493	-89.460534	80.055500	-95.869494	5.932282	45.710647	30.468672	74.662953	-19.223761	88.070024	-40.988135	91.583353	22.038985	86.685674	64.432139	-68.029638	-88.050935	64.708159	84.514128	-5.084880	-40.060017	-68.888515	-13.508592	57.193247	-78.970494	36.457115	75.019846	-50.988077	13.227103	
60	-28.608435	-93.700493	-89.460534	80.055500	-95.869494	5.932282	45.710647	30.468672	74.662953	-19.223761	88.070024	-40.988135	91.583353	22.038985	86.685674	64.432139	-68.029638	-88.050935	64.708159	84.514128	-5.084880	-40.060017	-68.888515	-13.508592	57.193247	-78.970494	36.457115	75.019846	-50.988077	13.227103	
75	-28.608435	-93.700493	-89.460534	80.055500	-95.869494	5.932282	45.710647	30.468672	74.662953	-19.223761	88.070024	-40.988135	91.583353	22.038985	86.685674	64.432139	-68.029638	-88.050935	64.708159	84.514128	-5.084880	-40.060017	-68.888515	-13.508592	57.193247	-78.970494	36.457115	75.019846	-50.988077	13.227103	
90	-28.608435	-93.700493	-89.460534	80.055500	-95.869494	5.932282	45.710647	30.468672	74.662953	-19.223761	88.070024	-40.988135	91.583353	22.038985	86.685674	64.432139	-68.029638	-88.050935	64.708159	84.514128	-5.084880	-40.060017	-68.888515	-13.508592	57.193247	-78.970494	36.457115	75.019846	-50.988077	13.227103	
105	-28.608435	-93.700493	-89.460534	80.055500	-95.869494	5.932282	45.710647	30.468672	74.662953	-19.223761	88.070024	-40.988135	91.583353	22.038985	86.685674	64.432139	-68.029638	-88.050935	64.708159	84.514128	-5.084880	-40.060017	-68.888515	-13.508592	57.193247	-78.970494	36.457115	75.019846	-50.988077	13.227103	
120	-28.608435	-93.700493	-89.460534	80.055500	-95.869494	5.932282	45.710647	30.468672	74.662953	-19.223761	88.070024	-40.988135	91.583353	22.038985	86.685674	64.432139	-68.029638	-88.050935	64.708159	84.514128	-5.084880	-40.060017	-68.888515	-13.508592	57.193247	-78.970494	36.457115	75.019846	-50.988077	13.227103	
135	-28.608435	-93.700493	-89.460534	80.055500	-95.869494	5.932282	45.710647	30.468672	74.662953	-19.223761	88.070024	-40.988135	91.583353	22.038985	86.685674	64.432139	-68.029638	-88.050935	64.708159	84.514128	-5.084880	-40.060017	-68.888515	-13.508592	57.193247	-78.970494	36.457115	75.019846	-50.988077	13.227103	
150	-28.608435	-93.700493	-89.460534	80.055500	-95.869494	5.932282	45.710647	30.468672	74.662953	-19.223761	88.070024	-40.988135	91.583353	22.038985	86.685674	64.432139	-68.029638	-88.050935	64.708159	84.514128	-5.084880	-40.060017	-68.888515	-13.508592	57.193247	-78.970494	36.457115	75.019846	-50.988077	13.227103	
300	72.883492	67.868868	4.183849	81.206298	97.895869	36.882750	-90.593404	42.686937	68.465743	-11.509008	1.427300	41.612542	45.624227	-56.286870	27.128826	29.250277	20.819875	-75.345184	67.421319	-26.834481	60.044456	83.967953	98.114104	-85.647182	-50.449838	-7.055515	76.308409	56.397102	94.562989	35.370131	
450	72.883492	67.868868	4.183849	81.206298	97.895869	36.882750	-90.593404	42.686937	68.465743	-11.509008	1.427300	41.612542	45.624227	-56.286870	27.128826	29.250277	20.819875	-75.345184	67.421319	-26.834481	60.044456	83.967953	98.114104	-85.647182	-50.449838	-7.055515	76.308409	56.397102	94.562989	35.370131	
600	72.883492	67.868868	4.183849	81.206298	97.895869	36.882750	-90.593404	42.686937	68.465743	-11.509008	1.427300	41.612542	45.624227	-56.286870	27.128826	29.250277	20.819875	-75.345184	67.421319	-26.834481	60.044456	83.967953	98.114104	-85.647182	-50.449838	-7.055515	76.308409	56.397102	94.562989	35.370131	
750	72.883492	67.868868	4.183849	81.206298	97.895869	36.882750	-90.593404	42.686937	68.465743	-11.509008	1.427300	41.612542	45.624227	-56.286870	27.128826	29.250277	20.819875	-75.345184	67.421319	-26.834481	60.044456	83.967953	98.114104	-85.647182	-50.449838	-7.055515	76.308409	56.397102	94.562989	35.370131	
900	72.883492	67.868868	4.183849	81.206298	97.895869	36.882750	-90.593404	42.686937	68.465743	-11.509008	1.427300	41.612542	45.624227	-56.286870	27.128826	29.250277	20.819875	-75.345184	67.421319	-26.834481	60.044456	83.967953	98.114104	-85.647182	-50.449838	-7.055515	76.308409	56.397102	94.562989	35.370131	
1050	99.219257	43.324843	68.501419	28.850196	-69.533827	79.807116	6.757351	50.771098	57.617922	37.656846	-8.124160	91.275136	-3.880028	91.481276	55.423561	6.614770	56.518072	95.429708	34.112711	-40.700412	63.368177	-83.344110	83.783943	0.638972	3.014819	70.608583	-18.412409	36.187667	85.901272	-25.541015	
1200	99.219257	43.324843	68.501419	28.850196	-69.533827	79.807116	6.757351	50.771098	57.617922	37.656846	-8.124160	91.275136	-3.880028	91.481276	55.423561	6.614770	56.518072	95.429708	34.112711	-40.700412	63.368177	-83.344110	83.783943	0.638972	3.014819	70.608583	-18.412409	36.187667	85.901272	-25.541015	
1350	99.219257	43.324843	68.501419	28.850196	-69.533827	79.807116	6.757351	50.771098	57.617922	37.656846	-8.124160	91.275136	-3.880028	91.481276	55.423561	6.614770	56.518072	95.429708	34.112711	-40.700412	63.368177	-83.344110	83.783943	0.638972	3.014819	70.608583	-18.412409	36.187667	85.901272	-25.541015	
1500	99.219257	43.324843	68.501419	28.850196	-69.533827	79.807116	6.757351	50.771098	57.617922	37.656846	-8.124160	91.275136	-3.880028	91.481276	55.423561	6.614770	56.518072	95.429708	34.112711	-40.700412	63.368177	-83.344110	83.783943	0.638972	3.014819	70.608583	-18.412409	36.187667	85.901272	-25.541015	
