%count	x
15	72.856347	-25.234035	6.973207	-35.224224	-36.715033	-29.553284	57.781780	-34.363776	32.463935	79.559838	85.651571	14.307005	-21.349258	-10.263600	18.098496	91.708121	-28.287926	-86.078840	63.578322	38.527910	35.194562	28.144035	-26.174105	-20.711170	-82.130271	60.926269	18.268297	1.540117	-39.764336	-97.663755	
30	-68.222133	-53.829747	-40.816769	10.095031	51.080815	31.586992	-28.439512	0.405601	56.359358	-59.687319	-48.853429	-40.319549	-48.678095	-67.383208	-66.416971	-14.452027	43.086359	-30.897868	67.686885	8.399682	-40.591363	-19.568776	59.739233	-95.083546	52.977146	36.280845	-81.957149	24.818500	-31.398063	-50.087461	
45	-68.222133	-53.829747	-40.816769	10.095031	51.080815	31.586992	-28.439512	0.405601	56.359358	-59.687319	-48.853429	-40.319549	-48.678095	-67.383208	-66.416971	-14.452027	43.086359	-30.897868	67.686885	8.399682	-40.591363	-19.568776	59.739233	-95.083546	52.977146	36.280845	-81.957149	24.818500	-31.398063	-50.087461	
60	-35.646036	-47.197525	62.683208	9.445057	-84.905180	-34.959904	34.777670	90.331146	43.132288	-11.122153	32.053149	38.355838	-44.854195	-63.607547	-12.594438	-69.055676	5.385052	-4.999223	-28.821555	-70.427513	31.996653	22.884305	30.661327	2.195277	-34.241420	-18.338843	-81.657101	-4.956452	-41.301311	-81.406057	
75	1.329920	65.780252	-45.137530	-22.643750	-31.689393	76.635385	-88.571807	22.199833	-92.168249	-99.052860	55.232811	72.028002	-50.301172	-12.356861	64.544197	-21.123710	-24.610107	-38.741648	-51.850259	82.197160	37.269547	-2.683781	-78.217907	-97.391061	-23.976398	61.174154	9.551892	2.721482	69.137397	0.527890	
90	57.026684	89.774629	-69.310911	14.346826	4.895471	89.735698	-59.466097	91.195601	-4.471007	98.522779	33.047820	-10.541285	-59.450667	43.255147	12.929512	-62.628200	80.518421	-1.159238	-27.485468	49.470930	9.320561	1.164776	49.637816	-94.613047	53.312487	61.502779	-28.356024	78.949884	34.414153	-68.062814	
105	57.026684	89.774629	-69.310911	14.346826	4.895471	89.735698	-59.466097	91.195601	-4.471007	98.522779	33.047820	-10.541285	-59.450667	43.255147	12.929512	-62.628200	80.518421	-1.159238	-27.485468	49.470930	9.320561	1.164776	49.637816	-94.613047	53.312487	61.502779	-28.356024	78.949884	34.414153	-68.062814	
120	66.832111	-49.292741	-31.135348	62.000471	-10.158958	83.176934	-87.501853	76.032842	-14.880048	62.903818	94.501969	-73.992247	-49.995748	-7.616494	-48.305079	-72.862946	39.631406	-79.519950	20.542650	-35.520274	54.239624	57.285888	-67.180226	-44.420948	5.986317	59.829353	-24.246522	20.146535	-81.018125	-6.228721	
135	66.832111	-49.292741	-31.135348	62.000471	-10.158958	83.176934	-87.501853	76.032842	-14.880048	62.903818	94.501969	-73.992247	-49.995748	-7.616494	-48.305079	-72.862946	39.631406	-79.519950	20.542650	-35.520274	54.239624	57.285888	-67.180226	-44.420948	5.986317	59.829353	-24.246522	20.146535	-81.018125	-6.228721	
150	66.832111	-49.292741	-31.135348	62.000471	-10.158958	83.176934	-87.501853	76.032842	-14.880048	62.903818	94.501969	-73.992247	-49.995748	-7.616494	-48.305079	-72.862946	39.631406	-79.519950	20.542650	-35.520274	54.239624	57.285888	-67.180226	-44.420948	5.986317	59.829353	-24.246522	20.146535	-81.018125	-6.228721	
300	66.832111	-49.292741	-31.135348	62.000471	-10.158958	83.176934	-87.501853	76.032842	-14.880048	62.903818	94.501969	-73.992247	-49.995748	-7.616494	-48.305079	-72.862946	39.631406	-79.519950	20.542650	-35.520274	54.239624	57.285888	-67.180226	-44.420948	5.986317	59.829353	-24.246522	20.146535	-81.018125	-6.228721	
450	-6.016784	75.308597	68.555115	-28.773679	32.726188	28.731622	-39.801526	-96.086337	45.590430	-4.742113	-63.135650	-65.799998	-61.045990	-36.467199	82.280923	-66.558379	-0.263757	45.789344	4.200878	73.198697	71.687638	-38.242955	47.110261	-46.664267	-66.046306	19.585744	-94.495113	-63.210368	15.738292	12.669021	
600	-12.703388	92.211954	-6.948858	32.017814	41.640282	-67.303817	-19.035062	21.909827	-42.886326	-54.120474	10.844996	19.936893	0.429705	-14.139177	90.873275	4.412663	-8.008161	28.449489	-59.650386	38.198673	-13.955957	42.577263	-34.113575	28.076943	6.487484	-63.574471	-30.070900	-63.315944	-36.073888	-75.148985	
750	-12.703388	92.211954	-6.948858	32.017814	41.640282	-67.303817	-19.035062	21.909827	-42.886326	-54.120474	10.844996	19.936893	0.429705	-14.139177	90.873275	4.412663	-8.008161	28.449489	-59.650386	38.198673	-13.955957	42.577263	-34.113575	28.076943	6.487484	-63.574471	-30.070900	-63.315944	-36.073888	-75.148985	
900	80.492874	60.406735	26.938501	-26.643006	24.986814	27.644043	-78.012145	69.593897	-83.244416	-48.210073	-66.645363	-48.588347	-37.867314	-72.364845	27.696321	-60.266725	-18.190564	-82.888512	33.165538	48.350330	9.465345	-16.022007	-12.361135	-75.553636	71.306222	81.635499	28.319393	-60.906062	0.913090	-77.356097	
1050	80.492874	60.406735	26.938501	-26.643006	24.986814	27.644043	-78.012145	69.593897	-83.244416	-48.210073	-66.645363	-48.588347	-37.867314	-72.364845	27.696321	-60.266725	-18.190564	-82.888512	33.165538	48.350330	9.465345	-16.022007	-12.361135	-75.553636	71.306222	81.635499	28.319393	-60.906062	0.913090	-77.356097	
1200	80.492874	60.406735	26.938501	-26.643006	24.986814	27.644043	-78.012145	69.593897	-83.244416	-48.210073	-66.645363	-48.588347	-37.867314	-72.364845	27.696321	-60.266725	-18.190564	-82.888512	33.165538	48.350330	9.465345	-16.022007	-12.361135	-75.553636	71.306222	81.635499	28.319393	-60.906062	0.913090	-77.356097	
1350	80.492874	60.406735	26.938501	-26.643006	24.986814	27.644043	-78.012145	69.593897	-83.244416	-48.210073	-66.645363	-48.588347	-37.867314	-72.364845	27.696321	-60.266725	-18.190564	-82.888512	33.165538	48.350330	9.465345	-16.022007	-12.361135	-75.553636	71.306222	81.635499	28.319393	-60.906062	0.913090	-77.356097	
1500	80.492874	60.406735	26.938501	-26.643006	24.986814	27.644043	-78.012145	69.593897	-83.244416	-48.210073	-66.645363	-48.588347	-37.867314	-72.364845	27.696321	-60.266725	-18.190564	-82.888512	33.165538	48.350330	9.465345	-16.022007	-12.361135	-75.553636	71.306222	81.635499	28.319393	-60.906062	0.913090	-77.356097	
