%count	x
15	10.837679	-90.514247	-82.634803	-14.373158	-90.390132	-93.107145	28.905875	30.135416	27.551506	-17.264862	-18.686041	84.507866	-7.321518	-57.350663	97.586228	89.665478	16.734955	85.234824	16.794059	-83.767140	-23.944871	52.428653	29.082599	78.951509	-45.689037	-3.740866	-97.680408	-34.294709	-1.677403	95.604933	
30	10.837679	-90.514247	-82.634803	-14.373158	-90.390132	-93.107145	28.905875	30.135416	27.551506	-17.264862	-18.686041	84.507866	-7.321518	-57.350663	97.586228	89.665478	16.734955	85.234824	16.794059	-83.767140	-23.944871	52.428653	29.082599	78.951509	-45.689037	-3.740866	-97.680408	-34.294709	-1.677403	95.604933	
45	10.837679	-90.514247	-82.634803	-14.373158	-90.390132	-93.107145	28.905875	30.135416	27.551506	-17.264862	-18.686041	84.507866	-7.321518	-57.350663	97.586228	89.665478	16.734955	85.234824	16.794059	-83.767140	-23.944871	52.428653	29.082599	78.951509	-45.689037	-3.740866	-97.680408	-34.294709	-1.677403	95.604933	
60	10.837679	-90.514247	-82.634803	-14.373158	-90.390132	-93.107145	28.905875	30.135416	27.551506	-17.264862	-18.686041	84.507866	-7.321518	-57.350663	97.586228	89.665478	16.734955	85.234824	16.794059	-83.767140	-23.944871	52.428653	29.082599	78.951509	-45.689037	-3.740866	-97.680408	-34.294709	-1.677403	95.604933	
75	10.837679	-90.514247	-82.634803	-14.373158	-90.390132	-93.107145	28.905875	30.135416	27.551506	-17.264862	-18.686041	84.507866	-7.321518	-57.350663	97.586228	89.665478	16.734955	85.234824	16.794059	-83.767140	-23.944871	52.428653	29.082599	78.951509	-45.689037	-3.740866	-97.680408	-34.294709	-1.677403	95.604933	
90	10.837679	-90.514247	-82.634803	-14.373158	-90.390132	-93.107145	28.905875	30.135416	27.551506	-17.264862	-18.686041	84.507866	-7.321518	-57.350663	97.586228	89.665478	16.734955	85.234824	16.794059	-83.767140	-23.944871	52.428653	29.082599	78.951509	-45.689037	-3.740866	-97.680408	-34.294709	-1.677403	95.604933	
105	10.837679	-90.514247	-82.634803	-14.373158	-90.390132	-93.107145	28.905875	30.135416	27.551506	-17.264862	-18.686041	84.507866	-7.321518	-57.350663	97.586228	89.665478	16.734955	85.234824	16.794059	-83.767140	-23.944871	52.428653	29.082599	78.951509	-45.689037	-3.740866	-97.680408	-34.294709	-1.677403	95.604933	
120	10.837679	-90.514247	-82.634803	-14.373158	-90.390132	-93.107145	28.905875	30.135416	27.551506	-17.264862	-18.686041	84.507866	-7.321518	-57.350663	97.586228	89.665478	16.734955	85.234824	16.794059	-83.767140	-23.944871	52.428653	29.082599	78.951509	-45.689037	-3.740866	-97.680408	-34.294709	-1.677403	95.604933	
135	10.837679	-90.514247	-82.634803	-14.373158	-90.390132	-93.107145	28.905875	30.135416	27.551506	-17.264862	-18.686041	84.507866	-7.321518	-57.350663	97.586228	89.665478	16.734955	85.234824	16.794059	-83.767140	-23.944871	52.428653	29.082599	78.951509	-45.689037	-3.740866	-97.680408	-34.294709	-1.677403	95.604933	
150	10.837679	-90.514247	-82.634803	-14.373158	-90.390132	-93.107145	28.905875	30.135416	27.551506	-17.264862	-18.686041	84.507866	-7.321518	-57.350663	97.586228	89.665478	16.734955	85.234824	16.794059	-83.767140	-23.944871	52.428653	29.082599	78.951509	-45.689037	-3.740866	-97.680408	-34.294709	-1.677403	95.604933	
300	-38.573457	-86.448146	89.861661	-66.427116	25.652712	-96.625388	81.671509	74.737990	-16.599480	10.235485	-98.529389	73.634966	-26.583264	80.968020	-17.684952	98.755389	-79.986153	94.423269	94.061956	92.469556	3.183116	47.861920	39.947456	59.530220	38.401316	59.929340	-55.423184	27.089761	47.010838	-73.995887	
450	-68.787361	69.704616	30.391310	-75.311633	-79.176772	-98.347312	46.555189	77.113775	11.837382	-21.279790	-1.454794	-76.087386	47.851380	-42.074378	46.288649	78.621734	-83.331399	-83.790783	-30.434362	-19.506514	-33.763796	-61.468164	98.011990	16.784310	92.044862	-88.000354	94.929439	-34.938871	-21.249739	-10.866611	
600	-68.787361	69.704616	30.391310	-75.311633	-79.176772	-98.347312	46.555189	77.113775	11.837382	-21.279790	-1.454794	-76.087386	47.851380	-42.074378	46.288649	78.621734	-83.331399	-83.790783	-30.434362	-19.506514	-33.763796	-61.468164	98.011990	16.784310	92.044862	-88.000354	94.929439	-34.938871	-21.249739	-10.866611	
750	-68.787361	69.704616	30.391310	-75.311633	-79.176772	-98.347312	46.555189	77.113775	11.837382	-21.279790	-1.454794	-76.087386	47.851380	-42.074378	46.288649	78.621734	-83.331399	-83.790783	-30.434362	-19.506514	-33.763796	-61.468164	98.011990	16.784310	92.044862	-88.000354	94.929439	-34.938871	-21.249739	-10.866611	
900	-68.787361	69.704616	30.391310	-75.311633	-79.176772	-98.347312	46.555189	77.113775	11.837382	-21.279790	-1.454794	-76.087386	47.851380	-42.074378	46.288649	78.621734	-83.331399	-83.790783	-30.434362	-19.506514	-33.763796	-61.468164	98.011990	16.784310	92.044862	-88.000354	94.929439	-34.938871	-21.249739	-10.866611	
1050	-89.592600	-47.647271	52.743962	66.855181	-79.810197	-22.866257	72.957185	54.724408	19.913650	81.622085	3.997332	86.649825	5.271558	-68.267731	31.999997	-44.126982	36.158058	-84.875075	48.672125	59.815159	55.068361	98.260724	-30.840367	62.824586	-25.574077	3.469112	-31.885708	59.734611	-69.748755	-49.865551	
1200	-89.592600	-47.647271	52.743962	66.855181	-79.810197	-22.866257	72.957185	54.724408	19.913650	81.622085	3.997332	86.649825	5.271558	-68.267731	31.999997	-44.126982	36.158058	-84.875075	48.672125	59.815159	55.068361	98.260724	-30.840367	62.824586	-25.574077	3.469112	-31.885708	59.734611	-69.748755	-49.865551	
1350	-89.592600	-47.647271	52.743962	66.855181	-79.810197	-22.866257	72.957185	54.724408	19.913650	81.622085	3.997332	86.649825	5.271558	-68.267731	31.999997	-44.126982	36.158058	-84.875075	48.672125	59.815159	55.068361	98.260724	-30.840367	62.824586	-25.574077	3.469112	-31.885708	59.734611	-69.748755	-49.865551	
1500	-89.592600	-47.647271	52.743962	66.855181	-79.810197	-22.866257	72.957185	54.724408	19.913650	81.622085	3.997332	86.649825	5.271558	-68.267731	31.999997	-44.126982	36.158058	-84.875075	48.672125	59.815159	55.068361	98.260724	-30.840367	62.824586	-25.574077	3.469112	-31.885708	59.734611	-69.748755	-49.865551	
