%count	x
15	-83.415231	62.663388	12.464077	-68.951936	-60.408880	-2.727466	94.270708	0.593792	28.370763	-41.071779	-89.248954	-56.295021	-25.050764	82.887703	93.028995	33.447320	36.042192	29.280666	-75.947333	43.880441	9.143466	-71.048142	-43.530000	-30.103408	18.940183	28.424086	60.209122	69.599512	-97.413176	43.903346	
30	-83.415231	62.663388	12.464077	-68.951936	-60.408880	-2.727466	94.270708	0.593792	28.370763	-41.071779	-89.248954	-56.295021	-25.050764	82.887703	93.028995	33.447320	36.042192	29.280666	-75.947333	43.880441	9.143466	-71.048142	-43.530000	-30.103408	18.940183	28.424086	60.209122	69.599512	-97.413176	43.903346	
45	-83.415231	62.663388	12.464077	-68.951936	-60.408880	-2.727466	94.270708	0.593792	28.370763	-41.071779	-89.248954	-56.295021	-25.050764	82.887703	93.028995	33.447320	36.042192	29.280666	-75.947333	43.880441	9.143466	-71.048142	-43.530000	-30.103408	18.940183	28.424086	60.209122	69.599512	-97.413176	43.903346	
60	-83.415231	62.663388	12.464077	-68.951936	-60.408880	-2.727466	94.270708	0.593792	28.370763	-41.071779	-89.248954	-56.295021	-25.050764	82.887703	93.028995	33.447320	36.042192	29.280666	-75.947333	43.880441	9.143466	-71.048142	-43.530000	-30.103408	18.940183	28.424086	60.209122	69.599512	-97.413176	43.903346	
75	-83.415231	62.663388	12.464077	-68.951936	-60.408880	-2.727466	94.270708	0.593792	28.370763	-41.071779	-89.248954	-56.295021	-25.050764	82.887703	93.028995	33.447320	36.042192	29.280666	-75.947333	43.880441	9.143466	-71.048142	-43.530000	-30.103408	18.940183	28.424086	60.209122	69.599512	-97.413176	43.903346	
90	-83.415231	62.663388	12.464077	-68.951936	-60.408880	-2.727466	94.270708	0.593792	28.370763	-41.071779	-89.248954	-56.295021	-25.050764	82.887703	93.028995	33.447320	36.042192	29.280666	-75.947333	43.880441	9.143466	-71.048142	-43.530000	-30.103408	18.940183	28.424086	60.209122	69.599512	-97.413176	43.903346	
105	84.558707	11.956034	91.713378	-21.332095	44.934775	-31.006691	16.318699	75.794286	-87.289344	36.777416	93.265236	-36.078305	-9.649842	-32.692287	95.636705	-48.603106	34.787605	-30.096319	-65.929928	-57.300517	72.050091	23.376308	-11.351952	38.300725	93.755993	58.682076	-91.552386	32.946186	-57.906987	-17.281065	
120	84.558707	11.956034	91.713378	-21.332095	44.934775	-31.006691	16.318699	75.794286	-87.289344	36.777416	93.265236	-36.078305	-9.649842	-32.692287	95.636705	-48.603106	34.787605	-30.096319	-65.929928	-57.300517	72.050091	23.376308	-11.351952	38.300725	93.755993	58.682076	-91.552386	32.946186	-57.906987	-17.281065	
135	84.558707	11.956034	91.713378	-21.332095	44.934775	-31.006691	16.318699	75.794286	-87.289344	36.777416	93.265236	-36.078305	-9.649842	-32.692287	95.636705	-48.603106	34.787605	-30.096319	-65.929928	-57.300517	72.050091	23.376308	-11.351952	38.300725	93.755993	58.682076	-91.552386	32.946186	-57.906987	-17.281065	
150	84.558707	11.956034	91.713378	-21.332095	44.934775	-31.006691	16.318699	75.794286	-87.289344	36.777416	93.265236	-36.078305	-9.649842	-32.692287	95.636705	-48.603106	34.787605	-30.096319	-65.929928	-57.300517	72.050091	23.376308	-11.351952	38.300725	93.755993	58.682076	-91.552386	32.946186	-57.906987	-17.281065	
300	84.558707	11.956034	91.713378	-21.332095	44.934775	-31.006691	16.318699	75.794286	-87.289344	36.777416	93.265236	-36.078305	-9.649842	-32.692287	95.636705	-48.603106	34.787605	-30.096319	-65.929928	-57.300517	72.050091	23.376308	-11.351952	38.300725	93.755993	58.682076	-91.552386	32.946186	-57.906987	-17.281065	
450	35.630998	-2.852589	11.131976	12.560611	-60.462887	97.861138	94.466828	79.300945	-4.587981	-90.697897	-95.710820	8.212518	0.905848	-49.700455	96.967734	-24.960477	20.834007	-68.734875	-96.430654	28.050968	-57.329257	85.025829	-45.727770	-78.819941	-45.435703	68.521396	56.786184	51.474500	32.787756	-93.855216	
600	35.630998	-2.852589	11.131976	12.560611	-60.462887	97.861138	94.466828	79.300945	-4.587981	-90.697897	-95.710820	8.212518	0.905848	-49.700455	96.967734	-24.960477	20.834007	-68.734875	-96.430654	28.050968	-57.329257	85.025829	-45.727770	-78.819941	-45.435703	68.521396	56.786184	51.474500	32.787756	-93.855216	
750	35.630998	-2.852589	11.131976	12.560611	-60.462887	97.861138	94.466828	79.300945	-4.587981	-90.697897	-95.710820	8.212518	0.905848	-49.700455	96.967734	-24.960477	20.834007	-68.734875	-96.430654	28.050968	-57.329257	85.025829	-45.727770	-78.819941	-45.435703	68.521396	56.786184	51.474500	32.787756	-93.855216	
900	35.630998	-2.852589	11.131976	12.560611	-60.462887	97.861138	94.466828	79.300945	-4.587981	-90.697897	-95.710820	8.212518	0.905848	-49.700455	96.967734	-24.960477	20.834007	-68.734875	-96.430654	28.050968	-57.329257	85.025829	-45.727770	-78.819941	-45.435703	68.521396	56.786184	51.474500	32.787756	-93.855216	
1050	35.630998	-2.852589	11.131976	12.560611	-60.462887	97.861138	94.466828	79.300945	-4.587981	-90.697897	-95.710820	8.212518	0.905848	-49.700455	96.967734	-24.960477	20.834007	-68.734875	-96.430654	28.050968	-57.329257	85.025829	-45.727770	-78.819941	-45.435703	68.521396	56.786184	51.474500	32.787756	-93.855216	
1200	-25.060354	94.662261	76.449241	9.777400	-53.104210	-48.405662	29.230889	-15.847784	42.072550	98.729105	44.775216	79.904458	-36.676508	3.868348	-84.539590	-95.776147	27.594803	38.593161	-20.184556	16.388546	-43.134020	79.466232	-56.865043	23.223682	-68.646572	-82.564778	-37.809661	-40.334813	55.788352	84.551178	
1350	-25.060354	94.662261	76.449241	9.777400	-53.104210	-48.405662	29.230889	-15.847784	42.072550	98.729105	44.775216	79.904458	-36.676508	3.868348	-84.539590	-95.776147	27.594803	38.593161	-20.184556	16.388546	-43.134020	79.466232	-56.865043	23.223682	-68.646572	-82.564778	-37.809661	-40.334813	55.788352	84.551178	
1500	-25.060354	94.662261	76.449241	9.777400	-53.104210	-48.405662	29.230889	-15.847784	42.072550	98.729105	44.775216	79.904458	-36.676508	3.868348	-84.539590	-95.776147	27.594803	38.593161	-20.184556	16.388546	-43.134020	79.466232	-56.865043	23.223682	-68.646572	-82.564778	-37.809661	-40.334813	55.788352	84.551178	
