%count	x
15	40.963364	-15.694912	-35.850459	89.234822	-13.590299	48.875833	-3.816414	82.445881	-57.913527	-37.742632	71.649488	-1.055873	-80.994609	4.634003	72.305680	-28.196963	25.302375	-24.987482	13.645907	49.006042	87.969940	4.146242	-22.771139	-2.331993	-61.190435	56.115827	91.408528	24.295726	53.086660	44.350510	
30	87.280565	-12.393413	41.498543	0.062141	-11.378582	-40.654763	-40.349762	-81.501505	76.189361	30.830088	-10.876878	40.296939	82.924684	7.649266	99.122070	2.225563	57.805229	-73.901602	52.874894	-40.427102	0.285128	47.990522	-11.527103	28.439140	29.814825	28.569122	-9.495948	19.662322	-53.078621	5.113824	
45	87.280565	-12.393413	41.498543	0.062141	-11.378582	-40.654763	-40.349762	-81.501505	76.189361	30.830088	-10.876878	40.296939	82.924684	7.649266	99.122070	2.225563	57.805229	-73.901602	52.874894	-40.427102	0.285128	47.990522	-11.527103	28.439140	29.814825	28.569122	-9.495948	19.662322	-53.078621	5.113824	
60	87.280565	-12.393413	41.498543	0.062141	-11.378582	-40.654763	-40.349762	-81.501505	76.189361	30.830088	-10.876878	40.296939	82.924684	7.649266	99.122070	2.225563	57.805229	-73.901602	52.874894	-40.427102	0.285128	47.990522	-11.527103	28.439140	29.814825	28.569122	-9.495948	19.662322	-53.078621	5.113824	
75	87.280565	-12.393413	41.498543	0.062141	-11.378582	-40.654763	-40.349762	-81.501505	76.189361	30.830088	-10.876878	40.296939	82.924684	7.649266	99.122070	2.225563	57.805229	-73.901602	52.874894	-40.427102	0.285128	47.990522	-11.527103	28.439140	29.814825	28.569122	-9.495948	19.662322	-53.078621	5.113824	
90	-77.049853	83.510059	90.614133	29.960987	-26.005168	-0.728834	67.420423	-60.363193	-79.594444	-38.073475	-82.402336	12.183190	9.127054	13.245922	-12.817795	-19.709010	-32.691795	88.414787	-54.100950	-68.347057	-86.328744	-67.588710	26.616513	-33.568809	-32.644761	80.141356	53.828037	37.007669	-16.620737	-39.218552	
105	-77.049853	83.510059	90.614133	29.960987	-26.005168	-0.728834	67.420423	-60.363193	-79.594444	-38.073475	-82.402336	12.183190	9.127054	13.245922	-12.817795	-19.709010	-32.691795	88.414787	-54.100950	-68.347057	-86.328744	-67.588710	26.616513	-33.568809	-32.644761	80.141356	53.828037	37.007669	-16.620737	-39.218552	
120	50.480120	45.799005	66.857055	-22.549061	-53.434576	3.909415	35.910522	80.813757	7.889946	67.905912	-29.298208	15.096531	33.956217	-12.072373	97.419704	17.992210	-0.934166	24.075275	27.690969	34.179487	12.492182	26.674512	-55.544756	26.163056	38.865557	62.544564	-4.388318	8.747331	32.488831	-11.076060	
135	50.480120	45.799005	66.857055	-22.549061	-53.434576	3.909415	35.910522	80.813757	7.889946	67.905912	-29.298208	15.096531	33.956217	-12.072373	97.419704	17.992210	-0.934166	24.075275	27.690969	34.179487	12.492182	26.674512	-55.544756	26.163056	38.865557	62.544564	-4.388318	8.747331	32.488831	-11.076060	
150	50.480120	45.799005	66.857055	-22.549061	-53.434576	3.909415	35.910522	80.813757	7.889946	67.905912	-29.298208	15.096531	33.956217	-12.072373	97.419704	17.992210	-0.934166	24.075275	27.690969	34.179487	12.492182	26.674512	-55.544756	26.163056	38.865557	62.544564	-4.388318	8.747331	32.488831	-11.076060	
300	50.480120	45.799005	66.857055	-22.549061	-53.434576	3.909415	35.910522	80.813757	7.889946	67.905912	-29.298208	15.096531	33.956217	-12.072373	97.419704	17.992210	-0.934166	24.075275	27.690969	34.179487	12.492182	26.674512	-55.544756	26.163056	38.865557	62.544564	-4.388318	8.747331	32.488831	-11.076060	
450	50.480120	45.799005	66.857055	-22.549061	-53.434576	3.909415	35.910522	80.813757	7.889946	67.905912	-29.298208	15.096531	33.956217	-12.072373	97.419704	17.992210	-0.934166	24.075275	27.690969	34.179487	12.492182	26.674512	-55.544756	26.163056	38.865557	62.544564	-4.388318	8.747331	32.488831	-11.076060	
600	-68.209533	94.207915	-84.660939	62.551256	39.694071	16.672200	17.690898	-43.715553	-85.743666	-36.629630	46.203148	-59.642752	-38.344308	58.290563	-54.795929	0.367475	4.822041	84.875246	58.046997	-7.743907	1.342366	-71.881755	-28.160946	-84.857226	89.194477	-23.845298	-2.960039	-65.136295	-40.509971	-31.040253	
750	-68.209533	94.207915	-84.660939	62.551256	39.694071	16.672200	17.690898	-43.715553	-85.743666	-36.629630	46.203148	-59.642752	-38.344308	58.290563	-54.795929	0.367475	4.822041	84.875246	58.046997	-7.743907	1.342366	-71.881755	-28.160946	-84.857226	89.194477	-23.845298	-2.960039	-65.136295	-40.509971	-31.040253	
900	-68.209533	94.207915	-84.660939	62.551256	39.694071	16.672200	17.690898	-43.715553	-85.743666	-36.629630	46.203148	-59.642752	-38.344308	58.290563	-54.795929	0.367475	4.822041	84.875246	58.046997	-7.743907	1.342366	-71.881755	-28.160946	-84.857226	89.194477	-23.845298	-2.960039	-65.136295	-40.509971	-31.040253	
1050	-68.209533	94.207915	-84.660939	62.551256	39.694071	16.672200	17.690898	-43.715553	-85.743666	-36.629630	46.203148	-59.642752	-38.344308	58.290563	-54.795929	0.367475	4.822041	84.875246	58.046997	-7.743907	1.342366	-71.881755	-28.160946	-84.857226	89.194477	-23.845298	-2.960039	-65.136295	-40.509971	-31.040253	
1200	-68.209533	94.207915	-84.660939	62.551256	39.694071	16.672200	17.690898	-43.715553	-85.743666	-36.629630	46.203148	-59.642752	-38.344308	58.290563	-54.795929	0.367475	4.822041	84.875246	58.046997	-7.743907	1.342366	-71.881755	-28.160946	-84.857226	89.194477	-23.845298	-2.960039	-65.136295	-40.509971	-31.040253	
1350	-68.209533	94.207915	-84.660939	62.551256	39.694071	16.672200	17.690898	-43.715553	-85.743666	-36.629630	46.203148	-59.642752	-38.344308	58.290563	-54.795929	0.367475	4.822041	84.875246	58.046997	-7.743907	1.342366	-71.881755	-28.160946	-84.857226	89.194477	-23.845298	-2.960039	-65.136295	-40.509971	-31.040253	
1500	-68.209533	94.207915	-84.660939	62.551256	39.694071	16.672200	17.690898	-43.715553	-85.743666	-36.629630	46.203148	-59.642752	-38.344308	58.290563	-54.795929	0.367475	4.822041	84.875246	58.046997	-7.743907	1.342366	-71.881755	-28.160946	-84.857226	89.194477	-23.845298	-2.960039	-65.136295	-40.509971	-31.040253	
