%count	x
15	-77.910587	-79.728255	69.604791	15.198157	-98.117468	49.774772	1.262304	1.755381	73.388286	-99.904984	53.600796	-42.404876	9.189471	-10.365807	-55.806467	-57.420495	-29.193544	-91.283626	46.494043	59.663512	40.170873	75.587631	-89.540797	21.382069	86.815287	79.688590	9.231396	76.921588	13.317865	-57.368612	
30	-77.910587	-79.728255	69.604791	15.198157	-98.117468	49.774772	1.262304	1.755381	73.388286	-99.904984	53.600796	-42.404876	9.189471	-10.365807	-55.806467	-57.420495	-29.193544	-91.283626	46.494043	59.663512	40.170873	75.587631	-89.540797	21.382069	86.815287	79.688590	9.231396	76.921588	13.317865	-57.368612	
45	45.858043	73.422933	98.847110	85.281462	50.134945	-96.333321	37.193130	4.313591	86.192288	-5.412596	84.250184	21.065804	-7.118691	-67.715868	32.024409	-81.249357	70.122116	-46.382096	38.122105	-55.707310	73.513122	-19.647691	92.303271	74.704930	1.195670	-56.887231	-42.258541	-8.624470	-12.275656	-98.554098	
60	45.858043	73.422933	98.847110	85.281462	50.134945	-96.333321	37.193130	4.313591	86.192288	-5.412596	84.250184	21.065804	-7.118691	-67.715868	32.024409	-81.249357	70.122116	-46.382096	38.122105	-55.707310	73.513122	-19.647691	92.303271	74.704930	1.195670	-56.887231	-42.258541	-8.624470	-12.275656	-98.554098	
75	-17.840361	-31.410396	12.702821	-37.706656	-46.564987	-97.030851	55.977139	84.143278	-78.892202	73.111961	-6.198161	90.339737	-56.951592	65.889588	95.747529	79.269424	-27.647949	6.722451	77.931870	67.624444	-70.517716	-76.013429	69.838144	-2.049245	-18.523926	37.357626	49.480072	0.789348	-78.827120	70.347209	
90	-17.840361	-31.410396	12.702821	-37.706656	-46.564987	-97.030851	55.977139	84.143278	-78.892202	73.111961	-6.198161	90.339737	-56.951592	65.889588	95.747529	79.269424	-27.647949	6.722451	77.931870	67.624444	-70.517716	-76.013429	69.838144	-2.049245	-18.523926	37.357626	49.480072	0.789348	-78.827120	70.347209	
105	-17.840361	-31.410396	12.702821	-37.706656	-46.564987	-97.030851	55.977139	84.143278	-78.892202	73.111961	-6.198161	90.339737	-56.951592	65.889588	95.747529	79.269424	-27.647949	6.722451	77.931870	67.624444	-70.517716	-76.013429	69.838144	-2.049245	-18.523926	37.357626	49.480072	0.789348	-78.827120	70.347209	
120	-17.840361	-31.410396	12.702821	-37.706656	-46.564987	-97.030851	55.977139	84.143278	-78.892202	73.111961	-6.198161	90.339737	-56.951592	65.889588	95.747529	79.269424	-27.647949	6.722451	77.931870	67.624444	-70.517716	-76.013429	69.838144	-2.049245	-18.523926	37.357626	49.480072	0.789348	-78.827120	70.347209	
135	-17.840361	-31.410396	12.702821	-37.706656	-46.564987	-97.030851	55.977139	84.143278	-78.892202	73.111961	-6.198161	90.339737	-56.951592	65.889588	95.747529	79.269424	-27.647949	6.722451	77.931870	67.624444	-70.517716	-76.013429	69.838144	-2.049245	-18.523926	37.357626	49.480072	0.789348	-78.827120	70.347209	
150	-17.840361	-31.410396	12.702821	-37.706656	-46.564987	-97.030851	55.977139	84.143278	-78.892202	73.111961	-6.198161	90.339737	-56.951592	65.889588	95.747529	79.269424	-27.647949	6.722451	77.931870	67.624444	-70.517716	-76.013429	69.838144	-2.049245	-18.523926	37.357626	49.480072	0.789348	-78.827120	70.347209	
300	-69.837777	53.004284	-78.716990	30.722508	-27.534355	-36.642583	83.884374	33.150443	-77.641692	-20.242546	-45.257549	-2.059563	-78.213002	-83.351998	-48.184484	73.822752	18.169216	-26.100656	35.245337	-38.147035	-1.890476	77.307337	76.929803	35.214769	-20.980095	-8.662719	94.329567	-3.071198	67.851169	77.535712	
450	-69.837777	53.004284	-78.716990	30.722508	-27.534355	-36.642583	83.884374	33.150443	-77.641692	-20.242546	-45.257549	-2.059563	-78.213002	-83.351998	-48.184484	73.822752	18.169216	-26.100656	35.245337	-38.147035	-1.890476	77.307337	76.929803	35.214769	-20.980095	-8.662719	94.329567	-3.071198	67.851169	77.535712	
600	-69.837777	53.004284	-78.716990	30.722508	-27.534355	-36.642583	83.884374	33.150443	-77.641692	-20.242546	-45.257549	-2.059563	-78.213002	-83.351998	-48.184484	73.822752	18.169216	-26.100656	35.245337	-38.147035	-1.890476	77.307337	76.929803	35.214769	-20.980095	-8.662719	94.329567	-3.071198	67.851169	77.535712	
750	-90.955169	51.407387	-24.600897	4.332369	33.273052	41.349888	-88.657909	72.407855	-6.233466	80.438477	55.287723	-7.016693	-26.420659	-97.897364	95.895601	-82.742249	70.106741	42.686055	-58.950187	94.958001	41.478810	-86.003611	-13.120590	-2.071312	6.211298	22.804148	5.069959	-95.558932	-5.186454	7.717957	
900	-90.955169	51.407387	-24.600897	4.332369	33.273052	41.349888	-88.657909	72.407855	-6.233466	80.438477	55.287723	-7.016693	-26.420659	-97.897364	95.895601	-82.742249	70.106741	42.686055	-58.950187	94.958001	41.478810	-86.003611	-13.120590	-2.071312	6.211298	22.804148	5.069959	-95.558932	-5.186454	7.717957	
1050	-90.955169	51.407387	-24.600897	4.332369	33.273052	41.349888	-88.657909	72.407855	-6.233466	80.438477	55.287723	-7.016693	-26.420659	-97.897364	95.895601	-82.742249	70.106741	42.686055	-58.950187	94.958001	41.478810	-86.003611	-13.120590	-2.071312	6.211298	22.804148	5.069959	-95.558932	-5.186454	7.717957	
1200	-90.955169	51.407387	-24.600897	4.332369	33.273052	41.349888	-88.657909	72.407855	-6.233466	80.438477	55.287723	-7.016693	-26.420659	-97.897364	95.895601	-82.742249	70.106741	42.686055	-58.950187	94.958001	41.478810	-86.003611	-13.120590	-2.071312	6.211298	22.804148	5.069959	-95.558932	-5.186454	7.717957	
1350	-90.955169	51.407387	-24.600897	4.332369	33.273052	41.349888	-88.657909	72.407855	-6.233466	80.438477	55.287723	-7.016693	-26.420659	-97.897364	95.895601	-82.742249	70.106741	42.686055	-58.950187	94.958001	41.478810	-86.003611	-13.120590	-2.071312	6.211298	22.804148	5.069959	-95.558932	-5.186454	7.717957	
1500	-90.955169	51.407387	-24.600897	4.332369	33.273052	41.349888	-88.657909	72.407855	-6.233466	80.438477	55.287723	-7.016693	-26.420659	-97.897364	95.895601	-82.742249	70.106741	42.686055	-58.950187	94.958001	41.478810	-86.003611	-13.120590	-2.071312	6.211298	22.804148	5.069959	-95.558932	-5.186454	7.717957	
