%count	x
15	24.618321	49.590572	-17.578946	25.801734	4.979446	-65.777369	53.643351	65.883232	72.012210	-20.847109	39.289520	-96.639140	-76.728951	-82.985866	-16.972958	-21.183977	-69.426142	98.398228	69.339975	-72.312969	-9.639350	-61.454368	94.106485	58.227650	-15.055761	20.293767	-40.671123	-70.845999	43.257754	-99.738108	
30	-63.758540	38.659199	58.837371	44.139411	-93.634269	-43.546872	-18.814065	4.902309	74.510683	49.097278	24.365141	-83.544716	99.928198	-15.147969	-42.923356	77.840648	-85.390159	59.251583	64.649671	57.657021	-33.214289	69.213670	-66.494208	95.643656	89.533483	-34.764731	17.291200	66.586604	1.799843	16.838646	
45	-31.263915	-67.079183	35.658599	-4.438309	-68.413402	74.653134	3.318870	-65.650256	36.900333	-21.116871	82.117452	85.614270	-45.729107	-48.783455	35.785152	-29.071005	-43.634074	-41.463093	-35.998098	-23.336552	33.187296	-36.086834	7.691181	77.040248	-51.271805	74.287412	37.454341	6.527954	74.057811	79.291569	
60	-31.263915	-67.079183	35.658599	-4.438309	-68.413402	74.653134	3.318870	-65.650256	36.900333	-21.116871	82.117452	85.614270	-45.729107	-48.783455	35.785152	-29.071005	-43.634074	-41.463093	-35.998098	-23.336552	33.187296	-36.086834	7.691181	77.040248	-51.271805	74.287412	37.454341	6.527954	74.057811	79.291569	
75	-31.263915	-67.079183	35.658599	-4.438309	-68.413402	74.653134	3.318870	-65.650256	36.900333	-21.116871	82.117452	85.614270	-45.729107	-48.783455	35.785152	-29.071005	-43.634074	-41.463093	-35.998098	-23.336552	33.187296	-36.086834	7.691181	77.040248	-51.271805	74.287412	37.454341	6.527954	74.057811	79.291569	
90	-31.263915	-67.079183	35.658599	-4.438309	-68.413402	74.653134	3.318870	-65.650256	36.900333	-21.116871	82.117452	85.614270	-45.729107	-48.783455	35.785152	-29.071005	-43.634074	-41.463093	-35.998098	-23.336552	33.187296	-36.086834	7.691181	77.040248	-51.271805	74.287412	37.454341	6.527954	74.057811	79.291569	
105	-31.263915	-67.079183	35.658599	-4.438309	-68.413402	74.653134	3.318870	-65.650256	36.900333	-21.116871	82.117452	85.614270	-45.729107	-48.783455	35.785152	-29.071005	-43.634074	-41.463093	-35.998098	-23.336552	33.187296	-36.086834	7.691181	77.040248	-51.271805	74.287412	37.454341	6.527954	74.057811	79.291569	
120	-31.263915	-67.079183	35.658599	-4.438309	-68.413402	74.653134	3.318870	-65.650256	36.900333	-21.116871	82.117452	85.614270	-45.729107	-48.783455	35.785152	-29.071005	-43.634074	-41.463093	-35.998098	-23.336552	33.187296	-36.086834	7.691181	77.040248	-51.271805	74.287412	37.454341	6.527954	74.057811	79.291569	
135	-31.263915	-67.079183	35.658599	-4.438309	-68.413402	74.653134	3.318870	-65.650256	36.900333	-21.116871	82.117452	85.614270	-45.729107	-48.783455	35.785152	-29.071005	-43.634074	-41.463093	-35.998098	-23.336552	33.187296	-36.086834	7.691181	77.040248	-51.271805	74.287412	37.454341	6.527954	74.057811	79.291569	
150	-31.263915	-67.079183	35.658599	-4.438309	-68.413402	74.653134	3.318870	-65.650256	36.900333	-21.116871	82.117452	85.614270	-45.729107	-48.783455	35.785152	-29.071005	-43.634074	-41.463093	-35.998098	-23.336552	33.187296	-36.086834	7.691181	77.040248	-51.271805	74.287412	37.454341	6.527954	74.057811	79.291569	
300	-31.263915	-67.079183	35.658599	-4.438309	-68.413402	74.653134	3.318870	-65.650256	36.900333	-21.116871	82.117452	85.614270	-45.729107	-48.783455	35.785152	-29.071005	-43.634074	-41.463093	-35.998098	-23.336552	33.187296	-36.086834	7.691181	77.040248	-51.271805	74.287412	37.454341	6.527954	74.057811	79.291569	
450	-31.263915	-67.079183	35.658599	-4.438309	-68.413402	74.653134	3.318870	-65.650256	36.900333	-21.116871	82.117452	85.614270	-45.729107	-48.783455	35.785152	-29.071005	-43.634074	-41.463093	-35.998098	-23.336552	33.187296	-36.086834	7.691181	77.040248	-51.271805	74.287412	37.454341	6.527954	74.057811	79.291569	
600	-31.263915	-67.079183	35.658599	-4.438309	-68.413402	74.653134	3.318870	-65.650256	36.900333	-21.116871	82.117452	85.614270	-45.729107	-48.783455	35.785152	-29.071005	-43.634074	-41.463093	-35.998098	-23.336552	33.187296	-36.086834	7.691181	77.040248	-51.271805	74.287412	37.454341	6.527954	74.057811	79.291569	
750	-31.263915	-67.079183	35.658599	-4.438309	-68.413402	74.653134	3.318870	-65.650256	36.900333	-21.116871	82.117452	85.614270	-45.729107	-48.783455	35.785152	-29.071005	-43.634074	-41.463093	-35.998098	-23.336552	33.187296	-36.086834	7.691181	77.040248	-51.271805	74.287412	37.454341	6.527954	74.057811	79.291569	
900	-31.263915	-67.079183	35.658599	-4.438309	-68.413402	74.653134	3.318870	-65.650256	36.900333	-21.116871	82.117452	85.614270	-45.729107	-48.783455	35.785152	-29.071005	-43.634074	-41.463093	-35.998098	-23.336552	33.187296	-36.086834	7.691181	77.040248	-51.271805	74.287412	37.454341	6.527954	74.057811	79.291569	
1050	-31.263915	-67.079183	35.658599	-4.438309	-68.413402	74.653134	3.318870	-65.650256	36.900333	-21.116871	82.117452	85.614270	-45.729107	-48.783455	35.785152	-29.071005	-43.634074	-41.463093	-35.998098	-23.336552	33.187296	-36.086834	7.691181	77.040248	-51.271805	74.287412	37.454341	6.527954	74.057811	79.291569	
1200	-31.263915	-67.079183	35.658599	-4.438309	-68.413402	74.653134	3.318870	-65.650256	36.900333	-21.116871	82.117452	85.614270	-45.729107	-48.783455	35.785152	-29.071005	-43.634074	-41.463093	-35.998098	-23.336552	33.187296	-36.086834	7.691181	77.040248	-51.271805	74.287412	37.454341	6.527954	74.057811	79.291569	
1350	-31.263915	-67.079183	35.658599	-4.438309	-68.413402	74.653134	3.318870	-65.650256	36.900333	-21.116871	82.117452	85.614270	-45.729107	-48.783455	35.785152	-29.071005	-43.634074	-41.463093	-35.998098	-23.336552	33.187296	-36.086834	7.691181	77.040248	-51.271805	74.287412	37.454341	6.527954	74.057811	79.291569	
1500	-31.263915	-67.079183	35.658599	-4.438309	-68.413402	74.653134	3.318870	-65.650256	36.900333	-21.116871	82.117452	85.614270	-45.729107	-48.783455	35.785152	-29.071005	-43.634074	-41.463093	-35.998098	-23.336552	33.187296	-36.086834	7.691181	77.040248	-51.271805	74.287412	37.454341	6.527954	74.057811	79.291569	
