%count	x
15	14.087574	-93.044780	41.376944	57.937552	49.556748	32.831235	-49.536845	62.604109	-48.603927	-0.106517	-80.436176	38.245169	-9.456475	42.967364	52.130252	-99.640590	-0.466355	-65.682359	-48.799435	-27.911009	-68.563145	89.071921	-85.847495	-10.622255	30.594121	25.583849	4.247000	-21.373788	-8.017292	43.137443	
30	-47.316262	-49.107377	-75.546533	-0.410279	-50.580588	-54.863933	-40.040979	-78.545443	50.098714	-44.211238	80.323976	56.454003	-40.361269	-32.231945	52.162430	50.932139	-97.574877	44.216953	31.072423	-73.253232	-68.578472	17.105457	2.275046	-32.296929	-10.953515	-10.810481	-87.233448	-53.245803	-24.526511	-37.190078	
45	-48.663631	-89.151487	94.848492	0.134536	70.525838	34.029487	80.504341	81.711601	-24.352267	38.203886	62.601428	7.378336	23.168127	-56.653409	-23.388180	-56.832331	98.143928	-27.604661	-43.480408	-2.412833	-10.438107	38.872443	15.212346	-74.782903	-94.842839	-13.440478	9.695269	86.373043	-39.686226	50.134876	
60	-48.663631	-89.151487	94.848492	0.134536	70.525838	34.029487	80.504341	81.711601	-24.352267	38.203886	62.601428	7.378336	23.168127	-56.653409	-23.388180	-56.832331	98.143928	-27.604661	-43.480408	-2.412833	-10.438107	38.872443	15.212346	-74.782903	-94.842839	-13.440478	9.695269	86.373043	-39.686226	50.134876	
75	-26.161626	-12.509448	-18.235697	-82.017823	-73.274419	-95.893236	88.894324	58.692477	-79.414296	86.946358	35.301626	-70.451867	70.347489	-45.960856	90.317548	-27.187669	-18.567336	-2.016916	-29.427261	-43.700323	8.182832	-72.024753	-56.143258	-26.010862	40.776044	-30.430672	-27.446727	43.942298	-68.922965	-28.703822	
90	-26.161626	-12.509448	-18.235697	-82.017823	-73.274419	-95.893236	88.894324	58.692477	-79.414296	86.946358	35.301626	-70.451867	70.347489	-45.960856	90.317548	-27.187669	-18.567336	-2.016916	-29.427261	-43.700323	8.182832	-72.024753	-56.143258	-26.010862	40.776044	-30.430672	-27.446727	43.942298	-68.922965	-28.703822	
105	-26.161626	-12.509448	-18.235697	-82.017823	-73.274419	-95.893236	88.894324	58.692477	-79.414296	86.946358	35.301626	-70.451867	70.347489	-45.960856	90.317548	-27.187669	-18.567336	-2.016916	-29.427261	-43.700323	8.182832	-72.024753	-56.143258	-26.010862	40.776044	-30.430672	-27.446727	43.942298	-68.922965	-28.703822	
120	-26.161626	-12.509448	-18.235697	-82.017823	-73.274419	-95.893236	88.894324	58.692477	-79.414296	86.946358	35.301626	-70.451867	70.347489	-45.960856	90.317548	-27.187669	-18.567336	-2.016916	-29.427261	-43.700323	8.182832	-72.024753	-56.143258	-26.010862	40.776044	-30.430672	-27.446727	43.942298	-68.922965	-28.703822	
135	76.997890	55.189635	-91.275664	48.771649	-30.697620	19.214297	-30.440487	61.407275	-30.171335	-95.373961	-82.300428	69.686967	90.063449	61.337988	31.354310	-67.980738	51.116314	97.563627	-50.594945	-74.353792	85.586555	-59.448749	-62.274545	-26.871200	-15.460137	-88.862903	69.716539	90.159100	77.698037	-73.965184	
150	76.997890	55.189635	-91.275664	48.771649	-30.697620	19.214297	-30.440487	61.407275	-30.171335	-95.373961	-82.300428	69.686967	90.063449	61.337988	31.354310	-67.980738	51.116314	97.563627	-50.594945	-74.353792	85.586555	-59.448749	-62.274545	-26.871200	-15.460137	-88.862903	69.716539	90.159100	77.698037	-73.965184	
300	10.980624	96.514461	4.135911	76.480718	44.839379	-41.369050	-31.790645	37.964649	31.922245	-15.670959	39.065694	91.710405	87.321813	61.400811	-49.206170	28.964467	-14.008856	61.607986	89.156144	54.693198	87.032300	-39.768896	-13.392964	53.337964	57.605194	76.597305	-26.397162	24.470189	76.630021	32.758379	
450	10.980624	96.514461	4.135911	76.480718	44.839379	-41.369050	-31.790645	37.964649	31.922245	-15.670959	39.065694	91.710405	87.321813	61.400811	-49.206170	28.964467	-14.008856	61.607986	89.156144	54.693198	87.032300	-39.768896	-13.392964	53.337964	57.605194	76.597305	-26.397162	24.470189	76.630021	32.758379	
600	10.980624	96.514461	4.135911	76.480718	44.839379	-41.369050	-31.790645	37.964649	31.922245	-15.670959	39.065694	91.710405	87.321813	61.400811	-49.206170	28.964467	-14.008856	61.607986	89.156144	54.693198	87.032300	-39.768896	-13.392964	53.337964	57.605194	76.597305	-26.397162	24.470189	76.630021	32.758379	
750	-83.905583	15.126187	79.501328	46.661643	-15.488680	-98.577147	67.195602	-59.180332	91.104528	61.529798	23.692022	90.475670	88.818092	-32.942560	-85.596996	77.439295	66.469619	48.608388	21.262403	-34.765112	-87.621888	50.578215	82.539981	-34.341776	-89.075615	53.892378	-67.911238	76.950962	-5.004949	96.375580	
900	-83.905583	15.126187	79.501328	46.661643	-15.488680	-98.577147	67.195602	-59.180332	91.104528	61.529798	23.692022	90.475670	88.818092	-32.942560	-85.596996	77.439295	66.469619	48.608388	21.262403	-34.765112	-87.621888	50.578215	82.539981	-34.341776	-89.075615	53.892378	-67.911238	76.950962	-5.004949	96.375580	
1050	-83.905583	15.126187	79.501328	46.661643	-15.488680	-98.577147	67.195602	-59.180332	91.104528	61.529798	23.692022	90.475670	88.818092	-32.942560	-85.596996	77.439295	66.469619	48.608388	21.262403	-34.765112	-87.621888	50.578215	82.539981	-34.341776	-89.075615	53.892378	-67.911238	76.950962	-5.004949	96.375580	
1200	-67.450641	63.050743	-66.803234	17.314042	34.345354	0.599396	-92.462373	70.288994	-52.919857	26.289795	-11.755704	-19.270542	47.213295	47.617288	-76.096390	-27.161345	52.574335	-0.423535	0.580481	-4.542930	28.326259	-7.394919	72.624282	8.323764	80.891509	69.902928	-81.131608	-2.761017	-11.498585	92.270929	
1350	-67.450641	63.050743	-66.803234	17.314042	34.345354	0.599396	-92.462373	70.288994	-52.919857	26.289795	-11.755704	-19.270542	47.213295	47.617288	-76.096390	-27.161345	52.574335	-0.423535	0.580481	-4.542930	28.326259	-7.394919	72.624282	8.323764	80.891509	69.902928	-81.131608	-2.761017	-11.498585	92.270929	
1500	-67.450641	63.050743	-66.803234	17.314042	34.345354	0.599396	-92.462373	70.288994	-52.919857	26.289795	-11.755704	-19.270542	47.213295	47.617288	-76.096390	-27.161345	52.574335	-0.423535	0.580481	-4.542930	28.326259	-7.394919	72.624282	8.323764	80.891509	69.902928	-81.131608	-2.761017	-11.498585	92.270929	
