%count	x
15	85.499498	-53.614141	-27.220951	60.378389	-71.831431	-31.386887	83.202207	58.596546	8.322140	48.917736	83.661442	76.193966	-47.253087	6.676744	-6.779969	-6.681255	87.646893	97.452123	73.616771	95.954669	88.683908	61.894183	-64.877010	74.085480	-51.246034	-20.725531	-53.529655	-55.860981	-49.686593	62.180690	
30	85.499498	-53.614141	-27.220951	60.378389	-71.831431	-31.386887	83.202207	58.596546	8.322140	48.917736	83.661442	76.193966	-47.253087	6.676744	-6.779969	-6.681255	87.646893	97.452123	73.616771	95.954669	88.683908	61.894183	-64.877010	74.085480	-51.246034	-20.725531	-53.529655	-55.860981	-49.686593	62.180690	
45	85.499498	-53.614141	-27.220951	60.378389	-71.831431	-31.386887	83.202207	58.596546	8.322140	48.917736	83.661442	76.193966	-47.253087	6.676744	-6.779969	-6.681255	87.646893	97.452123	73.616771	95.954669	88.683908	61.894183	-64.877010	74.085480	-51.246034	-20.725531	-53.529655	-55.860981	-49.686593	62.180690	
60	85.499498	-53.614141	-27.220951	60.378389	-71.831431	-31.386887	83.202207	58.596546	8.322140	48.917736	83.661442	76.193966	-47.253087	6.676744	-6.779969	-6.681255	87.646893	97.452123	73.616771	95.954669	88.683908	61.894183	-64.877010	74.085480	-51.246034	-20.725531	-53.529655	-55.860981	-49.686593	62.180690	
75	85.499498	-53.614141	-27.220951	60.378389	-71.831431	-31.386887	83.202207	58.596546	8.322140	48.917736	83.661442	76.193966	-47.253087	6.676744	-6.779969	-6.681255	87.646893	97.452123	73.616771	95.954669	88.683908	61.894183	-64.877010	74.085480	-51.246034	-20.725531	-53.529655	-55.860981	-49.686593	62.180690	
90	85.499498	-53.614141	-27.220951	60.378389	-71.831431	-31.386887	83.202207	58.596546	8.322140	48.917736	83.661442	76.193966	-47.253087	6.676744	-6.779969	-6.681255	87.646893	97.452123	73.616771	95.954669	88.683908	61.894183	-64.877010	74.085480	-51.246034	-20.725531	-53.529655	-55.860981	-49.686593	62.180690	
105	85.499498	-53.614141	-27.220951	60.378389	-71.831431	-31.386887	83.202207	58.596546	8.322140	48.917736	83.661442	76.193966	-47.253087	6.676744	-6.779969	-6.681255	87.646893	97.452123	73.616771	95.954669	88.683908	61.894183	-64.877010	74.085480	-51.246034	-20.725531	-53.529655	-55.860981	-49.686593	62.180690	
120	77.836855	15.033855	-84.730719	-28.382906	-14.351390	73.240946	-19.867094	-52.597621	33.495546	-7.457208	17.423723	-1.910409	56.516874	-97.614479	-49.284915	-55.937953	-61.057798	3.475614	33.372479	-84.396766	74.758667	-16.463508	68.798189	-45.401618	14.690951	-5.988653	-76.339534	24.013759	-55.206713	-65.941510	
135	77.836855	15.033855	-84.730719	-28.382906	-14.351390	73.240946	-19.867094	-52.597621	33.495546	-7.457208	17.423723	-1.910409	56.516874	-97.614479	-49.284915	-55.937953	-61.057798	3.475614	33.372479	-84.396766	74.758667	-16.463508	68.798189	-45.401618	14.690951	-5.988653	-76.339534	24.013759	-55.206713	-65.941510	
150	77.836855	15.033855	-84.730719	-28.382906	-14.351390	73.240946	-19.867094	-52.597621	33.495546	-7.457208	17.423723	-1.910409	56.516874	-97.614479	-49.284915	-55.937953	-61.057798	3.475614	33.372479	-84.396766	74.758667	-16.463508	68.798189	-45.401618	14.690951	-5.988653	-76.339534	24.013759	-55.206713	-65.941510	
300	77.836855	15.033855	-84.730719	-28.382906	-14.351390	73.240946	-19.867094	-52.597621	33.495546	-7.457208	17.423723	-1.910409	56.516874	-97.614479	-49.284915	-55.937953	-61.057798	3.475614	33.372479	-84.396766	74.758667	-16.463508	68.798189	-45.401618	14.690951	-5.988653	-76.339534	24.013759	-55.206713	-65.941510	
450	-40.273230	-59.718561	-86.528888	-3.740566	97.642451	-59.596275	-58.931103	97.809518	-24.419859	50.481348	47.824406	-86.761886	-35.795950	2.240383	-12.553787	65.184882	-23.198422	-28.915868	51.050059	-65.664690	-75.150499	-32.665576	15.897533	33.811644	-73.638789	-72.273860	-42.775773	20.342494	-50.554701	-40.277005	
600	-40.273230	-59.718561	-86.528888	-3.740566	97.642451	-59.596275	-58.931103	97.809518	-24.419859	50.481348	47.824406	-86.761886	-35.795950	2.240383	-12.553787	65.184882	-23.198422	-28.915868	51.050059	-65.664690	-75.150499	-32.665576	15.897533	33.811644	-73.638789	-72.273860	-42.775773	20.342494	-50.554701	-40.277005	
750	-40.273230	-59.718561	-86.528888	-3.740566	97.642451	-59.596275	-58.931103	97.809518	-24.419859	50.481348	47.824406	-86.761886	-35.795950	2.240383	-12.553787	65.184882	-23.198422	-28.915868	51.050059	-65.664690	-75.150499	-32.665576	15.897533	33.811644	-73.638789	-72.273860	-42.775773	20.342494	-50.554701	-40.277005	
900	-41.656546	-77.402131	24.063634	-5.297196	63.300082	-8.817706	-96.803916	36.368466	47.512428	-6.008837	41.598187	64.676002	-10.295103	80.455617	-33.470875	-3.516556	-59.180467	38.538926	13.783359	85.636535	-7.407814	45.535563	87.979701	-81.960409	-95.635714	45.583830	89.158626	81.971959	-28.535119	-13.378029	
1050	-41.656546	-77.402131	24.063634	-5.297196	63.300082	-8.817706	-96.803916	36.368466	47.512428	-6.008837	41.598187	64.676002	-10.295103	80.455617	-33.470875	-3.516556	-59.180467	38.538926	13.783359	85.636535	-7.407814	45.535563	87.979701	-81.960409	-95.635714	45.583830	89.158626	81.971959	-28.535119	-13.378029	
1200	-41.656546	-77.402131	24.063634	-5.297196	63.300082	-8.817706	-96.803916	36.368466	47.512428	-6.008837	41.598187	64.676002	-10.295103	80.455617	-33.470875	-3.516556	-59.180467	38.538926	13.783359	85.636535	-7.407814	45.535563	87.979701	-81.960409	-95.635714	45.583830	89.158626	81.971959	-28.535119	-13.378029	
1350	-39.919904	-79.281210	72.107130	-40.717720	-84.560095	53.969146	11.713952	52.931551	-9.382434	48.320578	83.014907	65.031971	37.715793	-17.165299	62.551502	0.067297	62.346250	-9.023596	-21.773150	-51.325991	92.121432	34.518916	12.839754	-52.341937	32.434159	93.239987	3.313068	-58.689913	4.822626	44.849456	
1500	-39.919904	-79.281210	72.107130	-40.717720	-84.560095	53.969146	11.713952	52.931551	-9.382434	48.320578	83.014907	65.031971	37.715793	-17.165299	62.551502	0.067297	62.346250	-9.023596	-21.773150	-51.325991	92.121432	34.518916	12.839754	-52.341937	32.434159	93.239987	3.313068	-58.689913	4.822626	44.849456	
