%count	x
15	-98.010229	-49.213241	-15.865264	98.758513	-14.178849	64.843400	-10.218309	96.545568	-98.624845	14.483734	90.104048	9.016774	88.332544	-70.091263	-96.734953	-41.334780	72.113783	-38.397087	15.890605	-3.278673	17.475355	51.629137	-63.966741	53.071225	-59.900846	-83.914012	14.666714	-22.978909	77.138763	-77.783534	
30	-98.010229	-49.213241	-15.865264	98.758513	-14.178849	64.843400	-10.218309	96.545568	-98.624845	14.483734	90.104048	9.016774	88.332544	-70.091263	-96.734953	-41.334780	72.113783	-38.397087	15.890605	-3.278673	17.475355	51.629137	-63.966741	53.071225	-59.900846	-83.914012	14.666714	-22.978909	77.138763	-77.783534	
45	-98.010229	-49.213241	-15.865264	98.758513	-14.178849	64.843400	-10.218309	96.545568	-98.624845	14.483734	90.104048	9.016774	88.332544	-70.091263	-96.734953	-41.334780	72.113783	-38.397087	15.890605	-3.278673	17.475355	51.629137	-63.966741	53.071225	-59.900846	-83.914012	14.666714	-22.978909	77.138763	-77.783534	
60	-98.010229	-49.213241	-15.865264	98.758513	-14.178849	64.843400	-10.218309	96.545568	-98.624845	14.483734	90.104048	9.016774	88.332544	-70.091263	-96.734953	-41.334780	72.113783	-38.397087	15.890605	-3.278673	17.475355	51.629137	-63.966741	53.071225	-59.900846	-83.914012	14.666714	-22.978909	77.138763	-77.783534	
75	-98.010229	-49.213241	-15.865264	98.758513	-14.178849	64.843400	-10.218309	96.545568	-98.624845	14.483734	90.104048	9.016774	88.332544	-70.091263	-96.734953	-41.334780	72.113783	-38.397087	15.890605	-3.278673	17.475355	51.629137	-63.966741	53.071225	-59.900846	-83.914012	14.666714	-22.978909	77.138763	-77.783534	
90	-98.010229	-49.213241	-15.865264	98.758513	-14.178849	64.843400	-10.218309	96.545568	-98.624845	14.483734	90.104048	9.016774	88.332544	-70.091263	-96.734953	-41.334780	72.113783	-38.397087	15.890605	-3.278673	17.475355	51.629137	-63.966741	53.071225	-59.900846	-83.914012	14.666714	-22.978909	77.138763	-77.783534	
105	-98.010229	-49.213241	-15.865264	98.758513	-14.178849	64.843400	-10.218309	96.545568	-98.624845	14.483734	90.104048	9.016774	88.332544	-70.091263	-96.734953	-41.334780	72.113783	-38.397087	15.890605	-3.278673	17.475355	51.629137	-63.966741	53.071225	-59.900846	-83.914012	14.666714	-22.978909	77.138763	-77.783534	
120	-98.010229	-49.213241	-15.865264	98.758513	-14.178849	64.843400	-10.218309	96.545568	-98.624845	14.483734	90.104048	9.016774	88.332544	-70.091263	-96.734953	-41.334780	72.113783	-38.397087	15.890605	-3.278673	17.475355	51.629137	-63.966741	53.071225	-59.900846	-83.914012	14.666714	-22.978909	77.138763	-77.783534	
135	-98.010229	-49.213241	-15.865264	98.758513	-14.178849	64.843400	-10.218309	96.545568	-98.624845	14.483734	90.104048	9.016774	88.332544	-70.091263	-96.734953	-41.334780	72.113783	-38.397087	15.890605	-3.278673	17.475355	51.629137	-63.966741	53.071225	-59.900846	-83.914012	14.666714	-22.978909	77.138763	-77.783534	
150	-98.010229	-49.213241	-15.865264	98.758513	-14.178849	64.843400	-10.218309	96.545568	-98.624845	14.483734	90.104048	9.016774	88.332544	-70.091263	-96.734953	-41.334780	72.113783	-38.397087	15.890605	-3.278673	17.475355	51.629137	-63.966741	53.071225	-59.900846	-83.914012	14.666714	-22.978909	77.138763	-77.783534	
300	-98.010229	-49.213241	-15.865264	98.758513	-14.178849	64.843400	-10.218309	96.545568	-98.624845	14.483734	90.104048	9.016774	88.332544	-70.091263	-96.734953	-41.334780	72.113783	-38.397087	15.890605	-3.278673	17.475355	51.629137	-63.966741	53.071225	-59.900846	-83.914012	14.666714	-22.978909	77.138763	-77.783534	
450	-98.010229	-49.213241	-15.865264	98.758513	-14.178849	64.843400	-10.218309	96.545568	-98.624845	14.483734	90.104048	9.016774	88.332544	-70.091263	-96.734953	-41.334780	72.113783	-38.397087	15.890605	-3.278673	17.475355	51.629137	-63.966741	53.071225	-59.900846	-83.914012	14.666714	-22.978909	77.138763	-77.783534	
600	-98.010229	-49.213241	-15.865264	98.758513	-14.178849	64.843400	-10.218309	96.545568	-98.624845	14.483734	90.104048	9.016774	88.332544	-70.091263	-96.734953	-41.334780	72.113783	-38.397087	15.890605	-3.278673	17.475355	51.629137	-63.966741	53.071225	-59.900846	-83.914012	14.666714	-22.978909	77.138763	-77.783534	
750	9.833076	30.155557	45.193300	57.038212	-20.487339	-70.914853	-24.772272	72.735823	58.426729	-71.618923	-53.643986	-24.733167	-42.710027	-58.008467	45.249545	21.057940	88.724251	1.679466	56.516535	-51.862505	71.099053	-27.336801	2.392633	43.119172	84.386978	-62.184096	-18.079683	-22.187996	-15.148528	-88.073640	
900	9.833076	30.155557	45.193300	57.038212	-20.487339	-70.914853	-24.772272	72.735823	58.426729	-71.618923	-53.643986	-24.733167	-42.710027	-58.008467	45.249545	21.057940	88.724251	1.679466	56.516535	-51.862505	71.099053	-27.336801	2.392633	43.119172	84.386978	-62.184096	-18.079683	-22.187996	-15.148528	-88.073640	
1050	9.833076	30.155557	45.193300	57.038212	-20.487339	-70.914853	-24.772272	72.735823	58.426729	-71.618923	-53.643986	-24.733167	-42.710027	-58.008467	45.249545	21.057940	88.724251	1.679466	56.516535	-51.862505	71.099053	-27.336801	2.392633	43.119172	84.386978	-62.184096	-18.079683	-22.187996	-15.148528	-88.073640	
1200	9.833076	30.155557	45.193300	57.038212	-20.487339	-70.914853	-24.772272	72.735823	58.426729	-71.618923	-53.643986	-24.733167	-42.710027	-58.008467	45.249545	21.057940	88.724251	1.679466	56.516535	-51.862505	71.099053	-27.336801	2.392633	43.119172	84.386978	-62.184096	-18.079683	-22.187996	-15.148528	-88.073640	
1350	9.833076	30.155557	45.193300	57.038212	-20.487339	-70.914853	-24.772272	72.735823	58.426729	-71.618923	-53.643986	-24.733167	-42.710027	-58.008467	45.249545	21.057940	88.724251	1.679466	56.516535	-51.862505	71.099053	-27.336801	2.392633	43.119172	84.386978	-62.184096	-18.079683	-22.187996	-15.148528	-88.073640	
1500	9.833076	30.155557	45.193300	57.038212	-20.487339	-70.914853	-24.772272	72.735823	58.426729	-71.618923	-53.643986	-24.733167	-42.710027	-58.008467	45.249545	21.057940	88.724251	1.679466	56.516535	-51.862505	71.099053	-27.336801	2.392633	43.119172	84.386978	-62.184096	-18.079683	-22.187996	-15.148528	-88.073640	
