%count	x
15	-5.983576	46.811611	-29.562631	-64.651544	-71.725472	34.343753	66.941798	17.552529	-14.196711	-72.143500	92.194253	-23.594213	22.541533	73.152177	-86.809218	-7.643230	61.844397	-52.872686	17.784030	-71.707659	-2.897961	-56.941284	-37.209642	3.997875	-26.339852	51.944795	55.360160	21.960433	-88.589391	53.096710	
30	-5.983576	46.811611	-29.562631	-64.651544	-71.725472	34.343753	66.941798	17.552529	-14.196711	-72.143500	92.194253	-23.594213	22.541533	73.152177	-86.809218	-7.643230	61.844397	-52.872686	17.784030	-71.707659	-2.897961	-56.941284	-37.209642	3.997875	-26.339852	51.944795	55.360160	21.960433	-88.589391	53.096710	
45	-5.983576	46.811611	-29.562631	-64.651544	-71.725472	34.343753	66.941798	17.552529	-14.196711	-72.143500	92.194253	-23.594213	22.541533	73.152177	-86.809218	-7.643230	61.844397	-52.872686	17.784030	-71.707659	-2.897961	-56.941284	-37.209642	3.997875	-26.339852	51.944795	55.360160	21.960433	-88.589391	53.096710	
60	-5.983576	46.811611	-29.562631	-64.651544	-71.725472	34.343753	66.941798	17.552529	-14.196711	-72.143500	92.194253	-23.594213	22.541533	73.152177	-86.809218	-7.643230	61.844397	-52.872686	17.784030	-71.707659	-2.897961	-56.941284	-37.209642	3.997875	-26.339852	51.944795	55.360160	21.960433	-88.589391	53.096710	
75	-5.983576	46.811611	-29.562631	-64.651544	-71.725472	34.343753	66.941798	17.552529	-14.196711	-72.143500	92.194253	-23.594213	22.541533	73.152177	-86.809218	-7.643230	61.844397	-52.872686	17.784030	-71.707659	-2.897961	-56.941284	-37.209642	3.997875	-26.339852	51.944795	55.360160	21.960433	-88.589391	53.096710	
90	-5.983576	46.811611	-29.562631	-64.651544	-71.725472	34.343753	66.941798	17.552529	-14.196711	-72.143500	92.194253	-23.594213	22.541533	73.152177	-86.809218	-7.643230	61.844397	-52.872686	17.784030	-71.707659	-2.897961	-56.941284	-37.209642	3.997875	-26.339852	51.944795	55.360160	21.960433	-88.589391	53.096710	
105	-5.983576	46.811611	-29.562631	-64.651544	-71.725472	34.343753	66.941798	17.552529	-14.196711	-72.143500	92.194253	-23.594213	22.541533	73.152177	-86.809218	-7.643230	61.844397	-52.872686	17.784030	-71.707659	-2.897961	-56.941284	-37.209642	3.997875	-26.339852	51.944795	55.360160	21.960433	-88.589391	53.096710	
120	-5.983576	46.811611	-29.562631	-64.651544	-71.725472	34.343753	66.941798	17.552529	-14.196711	-72.143500	92.194253	-23.594213	22.541533	73.152177	-86.809218	-7.643230	61.844397	-52.872686	17.784030	-71.707659	-2.897961	-56.941284	-37.209642	3.997875	-26.339852	51.944795	55.360160	21.960433	-88.589391	53.096710	
135	-5.983576	46.811611	-29.562631	-64.651544	-71.725472	34.343753	66.941798	17.552529	-14.196711	-72.143500	92.194253	-23.594213	22.541533	73.152177	-86.809218	-7.643230	61.844397	-52.872686	17.784030	-71.707659	-2.897961	-56.941284	-37.209642	3.997875	-26.339852	51.944795	55.360160	21.960433	-88.589391	53.096710	
150	-5.983576	46.811611	-29.562631	-64.651544	-71.725472	34.343753	66.941798	17.552529	-14.196711	-72.143500	92.194253	-23.594213	22.541533	73.152177	-86.809218	-7.643230	61.844397	-52.872686	17.784030	-71.707659	-2.897961	-56.941284	-37.209642	3.997875	-26.339852	51.944795	55.360160	21.960433	-88.589391	53.096710	
300	-5.983576	46.811611	-29.562631	-64.651544	-71.725472	34.343753	66.941798	17.552529	-14.196711	-72.143500	92.194253	-23.594213	22.541533	73.152177	-86.809218	-7.643230	61.844397	-52.872686	17.784030	-71.707659	-2.897961	-56.941284	-37.209642	3.997875	-26.339852	51.944795	55.360160	21.960433	-88.589391	53.096710	
450	-5.983576	46.811611	-29.562631	-64.651544	-71.725472	34.343753	66.941798	17.552529	-14.196711	-72.143500	92.194253	-23.594213	22.541533	73.152177	-86.809218	-7.643230	61.844397	-52.872686	17.784030	-71.707659	-2.897961	-56.941284	-37.209642	3.997875	-26.339852	51.944795	55.360160	21.960433	-88.589391	53.096710	
600	-5.983576	46.811611	-29.562631	-64.651544	-71.725472	34.343753	66.941798	17.552529	-14.196711	-72.143500	92.194253	-23.594213	22.541533	73.152177	-86.809218	-7.643230	61.844397	-52.872686	17.784030	-71.707659	-2.897961	-56.941284	-37.209642	3.997875	-26.339852	51.944795	55.360160	21.960433	-88.589391	53.096710	
750	-5.983576	46.811611	-29.562631	-64.651544	-71.725472	34.343753	66.941798	17.552529	-14.196711	-72.143500	92.194253	-23.594213	22.541533	73.152177	-86.809218	-7.643230	61.844397	-52.872686	17.784030	-71.707659	-2.897961	-56.941284	-37.209642	3.997875	-26.339852	51.944795	55.360160	21.960433	-88.589391	53.096710	
900	-5.983576	46.811611	-29.562631	-64.651544	-71.725472	34.343753	66.941798	17.552529	-14.196711	-72.143500	92.194253	-23.594213	22.541533	73.152177	-86.809218	-7.643230	61.844397	-52.872686	17.784030	-71.707659	-2.897961	-56.941284	-37.209642	3.997875	-26.339852	51.944795	55.360160	21.960433	-88.589391	53.096710	
1050	-56.210694	46.638861	2.346926	13.687534	69.719328	-23.092312	-3.818580	-78.637778	9.696910	-6.530811	-18.744816	-96.044821	-73.467237	13.388635	-68.418602	87.181182	11.842720	-87.806783	72.904956	87.704791	-5.562168	55.668803	98.874980	38.433779	-9.132793	38.604286	23.801147	31.339078	-71.120526	51.075655	
1200	-56.210694	46.638861	2.346926	13.687534	69.719328	-23.092312	-3.818580	-78.637778	9.696910	-6.530811	-18.744816	-96.044821	-73.467237	13.388635	-68.418602	87.181182	11.842720	-87.806783	72.904956	87.704791	-5.562168	55.668803	98.874980	38.433779	-9.132793	38.604286	23.801147	31.339078	-71.120526	51.075655	
1350	-56.210694	46.638861	2.346926	13.687534	69.719328	-23.092312	-3.818580	-78.637778	9.696910	-6.530811	-18.744816	-96.044821	-73.467237	13.388635	-68.418602	87.181182	11.842720	-87.806783	72.904956	87.704791	-5.562168	55.668803	98.874980	38.433779	-9.132793	38.604286	23.801147	31.339078	-71.120526	51.075655	
1500	-56.210694	46.638861	2.346926	13.687534	69.719328	-23.092312	-3.818580	-78.637778	9.696910	-6.530811	-18.744816	-96.044821	-73.467237	13.388635	-68.418602	87.181182	11.842720	-87.806783	72.904956	87.704791	-5.562168	55.668803	98.874980	38.433779	-9.132793	38.604286	23.801147	31.339078	-71.120526	51.075655	
