%count	x
15	66.564948	-4.781794	38.216259	-70.193086	-12.456703	50.478985	5.382734	18.905845	-82.472552	67.681191	-87.044593	56.768783	-43.978595	41.594441	-39.456438	-78.898047	84.605662	66.767166	98.045460	3.506415	-48.782519	-75.285114	-10.773518	95.396615	-98.642300	84.352148	-91.292438	-47.916141	51.577882	-59.220898	
30	66.564948	-4.781794	38.216259	-70.193086	-12.456703	50.478985	5.382734	18.905845	-82.472552	67.681191	-87.044593	56.768783	-43.978595	41.594441	-39.456438	-78.898047	84.605662	66.767166	98.045460	3.506415	-48.782519	-75.285114	-10.773518	95.396615	-98.642300	84.352148	-91.292438	-47.916141	51.577882	-59.220898	
45	66.564948	-4.781794	38.216259	-70.193086	-12.456703	50.478985	5.382734	18.905845	-82.472552	67.681191	-87.044593	56.768783	-43.978595	41.594441	-39.456438	-78.898047	84.605662	66.767166	98.045460	3.506415	-48.782519	-75.285114	-10.773518	95.396615	-98.642300	84.352148	-91.292438	-47.916141	51.577882	-59.220898	
60	66.564948	-4.781794	38.216259	-70.193086	-12.456703	50.478985	5.382734	18.905845	-82.472552	67.681191	-87.044593	56.768783	-43.978595	41.594441	-39.456438	-78.898047	84.605662	66.767166	98.045460	3.506415	-48.782519	-75.285114	-10.773518	95.396615	-98.642300	84.352148	-91.292438	-47.916141	51.577882	-59.220898	
75	20.773249	-81.823109	98.282635	6.436032	-67.724319	54.576000	56.751783	15.554964	65.230358	-61.588093	90.601540	-18.806253	10.316382	-13.443867	-8.173815	-64.863588	57.914123	71.245982	64.303335	41.624223	-61.064963	98.567749	76.657225	67.325808	59.839131	28.333883	80.064510	4.573677	76.549169	56.163829	
90	20.773249	-81.823109	98.282635	6.436032	-67.724319	54.576000	56.751783	15.554964	65.230358	-61.588093	90.601540	-18.806253	10.316382	-13.443867	-8.173815	-64.863588	57.914123	71.245982	64.303335	41.624223	-61.064963	98.567749	76.657225	67.325808	59.839131	28.333883	80.064510	4.573677	76.549169	56.163829	
105	20.773249	-81.823109	98.282635	6.436032	-67.724319	54.576000	56.751783	15.554964	65.230358	-61.588093	90.601540	-18.806253	10.316382	-13.443867	-8.173815	-64.863588	57.914123	71.245982	64.303335	41.624223	-61.064963	98.567749	76.657225	67.325808	59.839131	28.333883	80.064510	4.573677	76.549169	56.163829	
120	20.773249	-81.823109	98.282635	6.436032	-67.724319	54.576000	56.751783	15.554964	65.230358	-61.588093	90.601540	-18.806253	10.316382	-13.443867	-8.173815	-64.863588	57.914123	71.245982	64.303335	41.624223	-61.064963	98.567749	76.657225	67.325808	59.839131	28.333883	80.064510	4.573677	76.549169	56.163829	
135	20.773249	-81.823109	98.282635	6.436032	-67.724319	54.576000	56.751783	15.554964	65.230358	-61.588093	90.601540	-18.806253	10.316382	-13.443867	-8.173815	-64.863588	57.914123	71.245982	64.303335	41.624223	-61.064963	98.567749	76.657225	67.325808	59.839131	28.333883	80.064510	4.573677	76.549169	56.163829	
150	20.773249	-81.823109	98.282635	6.436032	-67.724319	54.576000	56.751783	15.554964	65.230358	-61.588093	90.601540	-18.806253	10.316382	-13.443867	-8.173815	-64.863588	57.914123	71.245982	64.303335	41.624223	-61.064963	98.567749	76.657225	67.325808	59.839131	28.333883	80.064510	4.573677	76.549169	56.163829	
300	-57.711897	86.850789	84.910583	-3.042015	-36.135891	-84.256297	23.481712	-39.676801	-78.769052	-79.016483	-78.263354	54.038920	-18.664274	-88.631861	-95.149224	62.271234	-87.222546	-20.063437	14.651580	53.346447	-90.181760	-52.775843	93.753431	-4.660399	-23.911078	46.204021	-22.210565	16.468516	2.306943	21.292390	
450	-57.711897	86.850789	84.910583	-3.042015	-36.135891	-84.256297	23.481712	-39.676801	-78.769052	-79.016483	-78.263354	54.038920	-18.664274	-88.631861	-95.149224	62.271234	-87.222546	-20.063437	14.651580	53.346447	-90.181760	-52.775843	93.753431	-4.660399	-23.911078	46.204021	-22.210565	16.468516	2.306943	21.292390	
600	14.507223	22.373071	-48.831481	-32.230307	-76.493390	-33.903591	95.683922	80.095578	17.692412	-96.583380	-16.408741	-70.818619	17.435823	-38.783605	68.703279	40.699792	-45.594911	-73.260884	-4.395032	94.211030	-86.923628	-54.109601	18.054502	77.844517	17.911317	-71.962816	61.788706	-31.843479	81.689131	-27.313657	
750	14.507223	22.373071	-48.831481	-32.230307	-76.493390	-33.903591	95.683922	80.095578	17.692412	-96.583380	-16.408741	-70.818619	17.435823	-38.783605	68.703279	40.699792	-45.594911	-73.260884	-4.395032	94.211030	-86.923628	-54.109601	18.054502	77.844517	17.911317	-71.962816	61.788706	-31.843479	81.689131	-27.313657	
900	14.507223	22.373071	-48.831481	-32.230307	-76.493390	-33.903591	95.683922	80.095578	17.692412	-96.583380	-16.408741	-70.818619	17.435823	-38.783605	68.703279	40.699792	-45.594911	-73.260884	-4.395032	94.211030	-86.923628	-54.109601	18.054502	77.844517	17.911317	-71.962816	61.788706	-31.843479	81.689131	-27.313657	
1050	14.507223	22.373071	-48.831481	-32.230307	-76.493390	-33.903591	95.683922	80.095578	17.692412	-96.583380	-16.408741	-70.818619	17.435823	-38.783605	68.703279	40.699792	-45.594911	-73.260884	-4.395032	94.211030	-86.923628	-54.109601	18.054502	77.844517	17.911317	-71.962816	61.788706	-31.843479	81.689131	-27.313657	
1200	14.507223	22.373071	-48.831481	-32.230307	-76.493390	-33.903591	95.683922	80.095578	17.692412	-96.583380	-16.408741	-70.818619	17.435823	-38.783605	68.703279	40.699792	-45.594911	-73.260884	-4.395032	94.211030	-86.923628	-54.109601	18.054502	77.844517	17.911317	-71.962816	61.788706	-31.843479	81.689131	-27.313657	
1350	14.507223	22.373071	-48.831481	-32.230307	-76.493390	-33.903591	95.683922	80.095578	17.692412	-96.583380	-16.408741	-70.818619	17.435823	-38.783605	68.703279	40.699792	-45.594911	-73.260884	-4.395032	94.211030	-86.923628	-54.109601	18.054502	77.844517	17.911317	-71.962816	61.788706	-31.843479	81.689131	-27.313657	
1500	3.629505	-46.557101	84.127200	-73.910248	-38.049121	75.996698	-7.829886	-18.168263	24.593046	6.378049	90.547103	5.452910	-92.777792	-4.329961	-45.446452	-39.371562	-43.477337	-17.166254	93.488346	-31.384176	-71.249995	-16.338110	75.179724	-85.324251	-88.280244	-1.508642	-17.968591	50.559834	-93.872700	-67.344357	
