%count	x
15	-99.781642	6.248645	11.267916	71.702923	55.156797	-25.426837	-7.148979	-79.102866	-0.457418	-33.981310	15.213686	65.543733	29.614596	75.706248	93.303649	95.732746	-33.067963	-60.531707	20.765773	-17.337008	-72.260905	-2.220508	9.177144	26.099305	-78.823926	49.442749	-98.649634	64.460801	7.086605	7.502286	
30	-99.781642	6.248645	11.267916	71.702923	55.156797	-25.426837	-7.148979	-79.102866	-0.457418	-33.981310	15.213686	65.543733	29.614596	75.706248	93.303649	95.732746	-33.067963	-60.531707	20.765773	-17.337008	-72.260905	-2.220508	9.177144	26.099305	-78.823926	49.442749	-98.649634	64.460801	7.086605	7.502286	
45	-99.781642	6.248645	11.267916	71.702923	55.156797	-25.426837	-7.148979	-79.102866	-0.457418	-33.981310	15.213686	65.543733	29.614596	75.706248	93.303649	95.732746	-33.067963	-60.531707	20.765773	-17.337008	-72.260905	-2.220508	9.177144	26.099305	-78.823926	49.442749	-98.649634	64.460801	7.086605	7.502286	
60	-99.781642	6.248645	11.267916	71.702923	55.156797	-25.426837	-7.148979	-79.102866	-0.457418	-33.981310	15.213686	65.543733	29.614596	75.706248	93.303649	95.732746	-33.067963	-60.531707	20.765773	-17.337008	-72.260905	-2.220508	9.177144	26.099305	-78.823926	49.442749	-98.649634	64.460801	7.086605	7.502286	
75	-99.781642	6.248645	11.267916	71.702923	55.156797	-25.426837	-7.148979	-79.102866	-0.457418	-33.981310	15.213686	65.543733	29.614596	75.706248	93.303649	95.732746	-33.067963	-60.531707	20.765773	-17.337008	-72.260905	-2.220508	9.177144	26.099305	-78.823926	49.442749	-98.649634	64.460801	7.086605	7.502286	
90	-99.781642	6.248645	11.267916	71.702923	55.156797	-25.426837	-7.148979	-79.102866	-0.457418	-33.981310	15.213686	65.543733	29.614596	75.706248	93.303649	95.732746	-33.067963	-60.531707	20.765773	-17.337008	-72.260905	-2.220508	9.177144	26.099305	-78.823926	49.442749	-98.649634	64.460801	7.086605	7.502286	
105	-99.781642	6.248645	11.267916	71.702923	55.156797	-25.426837	-7.148979	-79.102866	-0.457418	-33.981310	15.213686	65.543733	29.614596	75.706248	93.303649	95.732746	-33.067963	-60.531707	20.765773	-17.337008	-72.260905	-2.220508	9.177144	26.099305	-78.823926	49.442749	-98.649634	64.460801	7.086605	7.502286	
120	-99.781642	6.248645	11.267916	71.702923	55.156797	-25.426837	-7.148979	-79.102866	-0.457418	-33.981310	15.213686	65.543733	29.614596	75.706248	93.303649	95.732746	-33.067963	-60.531707	20.765773	-17.337008	-72.260905	-2.220508	9.177144	26.099305	-78.823926	49.442749	-98.649634	64.460801	7.086605	7.502286	
135	-99.781642	6.248645	11.267916	71.702923	55.156797	-25.426837	-7.148979	-79.102866	-0.457418	-33.981310	15.213686	65.543733	29.614596	75.706248	93.303649	95.732746	-33.067963	-60.531707	20.765773	-17.337008	-72.260905	-2.220508	9.177144	26.099305	-78.823926	49.442749	-98.649634	64.460801	7.086605	7.502286	
150	-99.781642	6.248645	11.267916	71.702923	55.156797	-25.426837	-7.148979	-79.102866	-0.457418	-33.981310	15.213686	65.543733	29.614596	75.706248	93.303649	95.732746	-33.067963	-60.531707	20.765773	-17.337008	-72.260905	-2.220508	9.177144	26.099305	-78.823926	49.442749	-98.649634	64.460801	7.086605	7.502286	
300	83.165116	41.188209	-63.426423	74.056783	-78.413089	73.129326	-75.931052	33.760059	-30.880752	-38.137150	54.492158	87.805628	-94.403845	62.831569	49.832836	69.748136	29.977540	7.921697	-82.482378	46.092975	8.372111	-48.244334	48.345712	76.033594	93.963742	22.124822	-70.125392	-87.789790	-32.113401	60.217729	
450	83.165116	41.188209	-63.426423	74.056783	-78.413089	73.129326	-75.931052	33.760059	-30.880752	-38.137150	54.492158	87.805628	-94.403845	62.831569	49.832836	69.748136	29.977540	7.921697	-82.482378	46.092975	8.372111	-48.244334	48.345712	76.033594	93.963742	22.124822	-70.125392	-87.789790	-32.113401	60.217729	
600	83.165116	41.188209	-63.426423	74.056783	-78.413089	73.129326	-75.931052	33.760059	-30.880752	-38.137150	54.492158	87.805628	-94.403845	62.831569	49.832836	69.748136	29.977540	7.921697	-82.482378	46.092975	8.372111	-48.244334	48.345712	76.033594	93.963742	22.124822	-70.125392	-87.789790	-32.113401	60.217729	
750	83.165116	41.188209	-63.426423	74.056783	-78.413089	73.129326	-75.931052	33.760059	-30.880752	-38.137150	54.492158	87.805628	-94.403845	62.831569	49.832836	69.748136	29.977540	7.921697	-82.482378	46.092975	8.372111	-48.244334	48.345712	76.033594	93.963742	22.124822	-70.125392	-87.789790	-32.113401	60.217729	
900	83.165116	41.188209	-63.426423	74.056783	-78.413089	73.129326	-75.931052	33.760059	-30.880752	-38.137150	54.492158	87.805628	-94.403845	62.831569	49.832836	69.748136	29.977540	7.921697	-82.482378	46.092975	8.372111	-48.244334	48.345712	76.033594	93.963742	22.124822	-70.125392	-87.789790	-32.113401	60.217729	
1050	83.165116	41.188209	-63.426423	74.056783	-78.413089	73.129326	-75.931052	33.760059	-30.880752	-38.137150	54.492158	87.805628	-94.403845	62.831569	49.832836	69.748136	29.977540	7.921697	-82.482378	46.092975	8.372111	-48.244334	48.345712	76.033594	93.963742	22.124822	-70.125392	-87.789790	-32.113401	60.217729	
1200	83.165116	41.188209	-63.426423	74.056783	-78.413089	73.129326	-75.931052	33.760059	-30.880752	-38.137150	54.492158	87.805628	-94.403845	62.831569	49.832836	69.748136	29.977540	7.921697	-82.482378	46.092975	8.372111	-48.244334	48.345712	76.033594	93.963742	22.124822	-70.125392	-87.789790	-32.113401	60.217729	
1350	6.182924	-66.270420	99.015232	-22.950683	-28.400318	-57.947909	-50.533792	49.520451	57.478115	-24.621107	-65.572532	-59.245596	35.568365	73.468918	32.732654	72.950203	-35.108238	-80.421658	95.153527	31.032447	3.357054	75.024405	38.190206	25.444693	80.226753	64.162195	-3.693722	-58.705583	-17.937047	28.093260	
1500	6.182924	-66.270420	99.015232	-22.950683	-28.400318	-57.947909	-50.533792	49.520451	57.478115	-24.621107	-65.572532	-59.245596	35.568365	73.468918	32.732654	72.950203	-35.108238	-80.421658	95.153527	31.032447	3.357054	75.024405	38.190206	25.444693	80.226753	64.162195	-3.693722	-58.705583	-17.937047	28.093260	
