%count	x
15	66.656173	3.037431	-87.991808	37.736954	-66.024185	29.205417	-77.221236	-69.214888	27.843849	61.778192	-50.664804	20.639734	64.743819	76.732158	76.403852	53.887391	14.261285	-96.905363	79.368872	-13.179561	-31.527113	-1.301695	27.500502	43.868799	21.780884	86.397747	-51.302065	30.105111	-12.852925	19.764501	
30	66.656173	3.037431	-87.991808	37.736954	-66.024185	29.205417	-77.221236	-69.214888	27.843849	61.778192	-50.664804	20.639734	64.743819	76.732158	76.403852	53.887391	14.261285	-96.905363	79.368872	-13.179561	-31.527113	-1.301695	27.500502	43.868799	21.780884	86.397747	-51.302065	30.105111	-12.852925	19.764501	
45	66.656173	3.037431	-87.991808	37.736954	-66.024185	29.205417	-77.221236	-69.214888	27.843849	61.778192	-50.664804	20.639734	64.743819	76.732158	76.403852	53.887391	14.261285	-96.905363	79.368872	-13.179561	-31.527113	-1.301695	27.500502	43.868799	21.780884	86.397747	-51.302065	30.105111	-12.852925	19.764501	
60	66.656173	3.037431	-87.991808	37.736954	-66.024185	29.205417	-77.221236	-69.214888	27.843849	61.778192	-50.664804	20.639734	64.743819	76.732158	76.403852	53.887391	14.261285	-96.905363	79.368872	-13.179561	-31.527113	-1.301695	27.500502	43.868799	21.780884	86.397747	-51.302065	30.105111	-12.852925	19.764501	
75	66.656173	3.037431	-87.991808	37.736954	-66.024185	29.205417	-77.221236	-69.214888	27.843849	61.778192	-50.664804	20.639734	64.743819	76.732158	76.403852	53.887391	14.261285	-96.905363	79.368872	-13.179561	-31.527113	-1.301695	27.500502	43.868799	21.780884	86.397747	-51.302065	30.105111	-12.852925	19.764501	
90	66.656173	3.037431	-87.991808	37.736954	-66.024185	29.205417	-77.221236	-69.214888	27.843849	61.778192	-50.664804	20.639734	64.743819	76.732158	76.403852	53.887391	14.261285	-96.905363	79.368872	-13.179561	-31.527113	-1.301695	27.500502	43.868799	21.780884	86.397747	-51.302065	30.105111	-12.852925	19.764501	
105	73.198261	85.023052	23.924109	54.460028	51.051286	13.403567	-85.574985	31.797445	-51.402666	-42.995817	-97.987986	10.652983	26.568448	81.770850	54.915596	-20.036691	68.522481	83.726043	-1.692700	-74.599553	89.023933	15.355910	75.839038	22.107224	29.169435	16.293517	51.115984	-73.094644	50.445850	82.365859	
120	73.198261	85.023052	23.924109	54.460028	51.051286	13.403567	-85.574985	31.797445	-51.402666	-42.995817	-97.987986	10.652983	26.568448	81.770850	54.915596	-20.036691	68.522481	83.726043	-1.692700	-74.599553	89.023933	15.355910	75.839038	22.107224	29.169435	16.293517	51.115984	-73.094644	50.445850	82.365859	
135	73.198261	85.023052	23.924109	54.460028	51.051286	13.403567	-85.574985	31.797445	-51.402666	-42.995817	-97.987986	10.652983	26.568448	81.770850	54.915596	-20.036691	68.522481	83.726043	-1.692700	-74.599553	89.023933	15.355910	75.839038	22.107224	29.169435	16.293517	51.115984	-73.094644	50.445850	82.365859	
150	73.198261	85.023052	23.924109	54.460028	51.051286	13.403567	-85.574985	31.797445	-51.402666	-42.995817	-97.987986	10.652983	26.568448	81.770850	54.915596	-20.036691	68.522481	83.726043	-1.692700	-74.599553	89.023933	15.355910	75.839038	22.107224	29.169435	16.293517	51.115984	-73.094644	50.445850	82.365859	
300	73.198261	85.023052	23.924109	54.460028	51.051286	13.403567	-85.574985	31.797445	-51.402666	-42.995817	-97.987986	10.652983	26.568448	81.770850	54.915596	-20.036691	68.522481	83.726043	-1.692700	-74.599553	89.023933	15.355910	75.839038	22.107224	29.169435	16.293517	51.115984	-73.094644	50.445850	82.365859	
450	73.198261	85.023052	23.924109	54.460028	51.051286	13.403567	-85.574985	31.797445	-51.402666	-42.995817	-97.987986	10.652983	26.568448	81.770850	54.915596	-20.036691	68.522481	83.726043	-1.692700	-74.599553	89.023933	15.355910	75.839038	22.107224	29.169435	16.293517	51.115984	-73.094644	50.445850	82.365859	
600	73.198261	85.023052	23.924109	54.460028	51.051286	13.403567	-85.574985	31.797445	-51.402666	-42.995817	-97.987986	10.652983	26.568448	81.770850	54.915596	-20.036691	68.522481	83.726043	-1.692700	-74.599553	89.023933	15.355910	75.839038	22.107224	29.169435	16.293517	51.115984	-73.094644	50.445850	82.365859	
750	73.198261	85.023052	23.924109	54.460028	51.051286	13.403567	-85.574985	31.797445	-51.402666	-42.995817	-97.987986	10.652983	26.568448	81.770850	54.915596	-20.036691	68.522481	83.726043	-1.692700	-74.599553	89.023933	15.355910	75.839038	22.107224	29.169435	16.293517	51.115984	-73.094644	50.445850	82.365859	
900	73.198261	85.023052	23.924109	54.460028	51.051286	13.403567	-85.574985	31.797445	-51.402666	-42.995817	-97.987986	10.652983	26.568448	81.770850	54.915596	-20.036691	68.522481	83.726043	-1.692700	-74.599553	89.023933	15.355910	75.839038	22.107224	29.169435	16.293517	51.115984	-73.094644	50.445850	82.365859	
1050	51.525218	91.991552	19.110357	-2.737268	41.238916	-66.073840	-17.044342	-82.898603	35.828172	-29.146051	-52.196839	19.780871	9.433182	84.543083	56.394293	90.704393	-55.831325	82.202466	61.068320	4.951505	87.583037	94.784208	4.304998	30.715114	36.994518	-22.658132	8.198627	24.717759	-5.182244	59.679787	
1200	51.525218	91.991552	19.110357	-2.737268	41.238916	-66.073840	-17.044342	-82.898603	35.828172	-29.146051	-52.196839	19.780871	9.433182	84.543083	56.394293	90.704393	-55.831325	82.202466	61.068320	4.951505	87.583037	94.784208	4.304998	30.715114	36.994518	-22.658132	8.198627	24.717759	-5.182244	59.679787	
1350	51.525218	91.991552	19.110357	-2.737268	41.238916	-66.073840	-17.044342	-82.898603	35.828172	-29.146051	-52.196839	19.780871	9.433182	84.543083	56.394293	90.704393	-55.831325	82.202466	61.068320	4.951505	87.583037	94.784208	4.304998	30.715114	36.994518	-22.658132	8.198627	24.717759	-5.182244	59.679787	
1500	51.525218	91.991552	19.110357	-2.737268	41.238916	-66.073840	-17.044342	-82.898603	35.828172	-29.146051	-52.196839	19.780871	9.433182	84.543083	56.394293	90.704393	-55.831325	82.202466	61.068320	4.951505	87.583037	94.784208	4.304998	30.715114	36.994518	-22.658132	8.198627	24.717759	-5.182244	59.679787	
