%count	x
15	8.626288	24.789785	91.578827	61.096948	4.489524	-1.577225	-62.169689	-44.932037	74.703169	-37.250862	-64.983086	57.393516	-41.615872	51.061751	-28.626716	-21.799996	36.180680	32.537031	-4.067923	3.659221	-10.667496	7.530861	-80.155795	-31.370857	90.491700	-9.205637	-26.592553	17.028466	-23.651023	-32.325186	
30	15.707906	-20.930769	31.472017	-79.476001	65.865171	24.061670	-32.836291	-64.695797	13.527407	-73.224140	-76.035351	-64.885160	-26.868766	35.339232	62.478379	64.640916	-36.242003	77.068350	-81.763010	-77.146394	73.383264	80.286666	15.893111	38.043380	-23.479463	-58.753414	-22.126805	-2.596535	63.428543	-77.389078	
45	-71.607042	-6.201285	-95.827912	13.318427	26.325078	70.325832	-83.052839	82.118230	-69.458934	61.411033	-45.883919	91.883769	-58.369322	45.360782	63.109933	-29.719625	-79.469573	59.841915	-78.110464	27.531295	-66.228199	-7.822985	-63.977662	15.707619	-16.569659	-33.618358	-29.789190	60.500493	10.952911	-53.884749	
60	-71.607042	-6.201285	-95.827912	13.318427	26.325078	70.325832	-83.052839	82.118230	-69.458934	61.411033	-45.883919	91.883769	-58.369322	45.360782	63.109933	-29.719625	-79.469573	59.841915	-78.110464	27.531295	-66.228199	-7.822985	-63.977662	15.707619	-16.569659	-33.618358	-29.789190	60.500493	10.952911	-53.884749	
75	-71.607042	-6.201285	-95.827912	13.318427	26.325078	70.325832	-83.052839	82.118230	-69.458934	61.411033	-45.883919	91.883769	-58.369322	45.360782	63.109933	-29.719625	-79.469573	59.841915	-78.110464	27.531295	-66.228199	-7.822985	-63.977662	15.707619	-16.569659	-33.618358	-29.789190	60.500493	10.952911	-53.884749	
90	-71.607042	-6.201285	-95.827912	13.318427	26.325078	70.325832	-83.052839	82.118230	-69.458934	61.411033	-45.883919	91.883769	-58.369322	45.360782	63.109933	-29.719625	-79.469573	59.841915	-78.110464	27.531295	-66.228199	-7.822985	-63.977662	15.707619	-16.569659	-33.618358	-29.789190	60.500493	10.952911	-53.884749	
105	-71.607042	-6.201285	-95.827912	13.318427	26.325078	70.325832	-83.052839	82.118230	-69.458934	61.411033	-45.883919	91.883769	-58.369322	45.360782	63.109933	-29.719625	-79.469573	59.841915	-78.110464	27.531295	-66.228199	-7.822985	-63.977662	15.707619	-16.569659	-33.618358	-29.789190	60.500493	10.952911	-53.884749	
120	-71.607042	-6.201285	-95.827912	13.318427	26.325078	70.325832	-83.052839	82.118230	-69.458934	61.411033	-45.883919	91.883769	-58.369322	45.360782	63.109933	-29.719625	-79.469573	59.841915	-78.110464	27.531295	-66.228199	-7.822985	-63.977662	15.707619	-16.569659	-33.618358	-29.789190	60.500493	10.952911	-53.884749	
135	-71.607042	-6.201285	-95.827912	13.318427	26.325078	70.325832	-83.052839	82.118230	-69.458934	61.411033	-45.883919	91.883769	-58.369322	45.360782	63.109933	-29.719625	-79.469573	59.841915	-78.110464	27.531295	-66.228199	-7.822985	-63.977662	15.707619	-16.569659	-33.618358	-29.789190	60.500493	10.952911	-53.884749	
150	-71.607042	-6.201285	-95.827912	13.318427	26.325078	70.325832	-83.052839	82.118230	-69.458934	61.411033	-45.883919	91.883769	-58.369322	45.360782	63.109933	-29.719625	-79.469573	59.841915	-78.110464	27.531295	-66.228199	-7.822985	-63.977662	15.707619	-16.569659	-33.618358	-29.789190	60.500493	10.952911	-53.884749	
300	-71.607042	-6.201285	-95.827912	13.318427	26.325078	70.325832	-83.052839	82.118230	-69.458934	61.411033	-45.883919	91.883769	-58.369322	45.360782	63.109933	-29.719625	-79.469573	59.841915	-78.110464	27.531295	-66.228199	-7.822985	-63.977662	15.707619	-16.569659	-33.618358	-29.789190	60.500493	10.952911	-53.884749	
450	-71.607042	-6.201285	-95.827912	13.318427	26.325078	70.325832	-83.052839	82.118230	-69.458934	61.411033	-45.883919	91.883769	-58.369322	45.360782	63.109933	-29.719625	-79.469573	59.841915	-78.110464	27.531295	-66.228199	-7.822985	-63.977662	15.707619	-16.569659	-33.618358	-29.789190	60.500493	10.952911	-53.884749	
600	-71.607042	-6.201285	-95.827912	13.318427	26.325078	70.325832	-83.052839	82.118230	-69.458934	61.411033	-45.883919	91.883769	-58.369322	45.360782	63.109933	-29.719625	-79.469573	59.841915	-78.110464	27.531295	-66.228199	-7.822985	-63.977662	15.707619	-16.569659	-33.618358	-29.789190	60.500493	10.952911	-53.884749	
750	-9.444096	-53.910427	79.332471	-37.619347	-68.950359	25.908533	-26.950769	81.469380	91.298695	62.327222	27.589943	-55.617667	-17.449443	-41.393766	59.460582	-5.992268	-7.897015	-50.067086	-57.851552	-86.649965	-45.798196	27.719231	-95.728773	98.804076	-52.666848	-22.540187	-34.872592	73.709571	66.383027	-19.493978	
900	-9.444096	-53.910427	79.332471	-37.619347	-68.950359	25.908533	-26.950769	81.469380	91.298695	62.327222	27.589943	-55.617667	-17.449443	-41.393766	59.460582	-5.992268	-7.897015	-50.067086	-57.851552	-86.649965	-45.798196	27.719231	-95.728773	98.804076	-52.666848	-22.540187	-34.872592	73.709571	66.383027	-19.493978	
1050	-9.444096	-53.910427	79.332471	-37.619347	-68.950359	25.908533	-26.950769	81.469380	91.298695	62.327222	27.589943	-55.617667	-17.449443	-41.393766	59.460582	-5.992268	-7.897015	-50.067086	-57.851552	-86.649965	-45.798196	27.719231	-95.728773	98.804076	-52.666848	-22.540187	-34.872592	73.709571	66.383027	-19.493978	
1200	-9.444096	-53.910427	79.332471	-37.619347	-68.950359	25.908533	-26.950769	81.469380	91.298695	62.327222	27.589943	-55.617667	-17.449443	-41.393766	59.460582	-5.992268	-7.897015	-50.067086	-57.851552	-86.649965	-45.798196	27.719231	-95.728773	98.804076	-52.666848	-22.540187	-34.872592	73.709571	66.383027	-19.493978	
1350	-9.444096	-53.910427	79.332471	-37.619347	-68.950359	25.908533	-26.950769	81.469380	91.298695	62.327222	27.589943	-55.617667	-17.449443	-41.393766	59.460582	-5.992268	-7.897015	-50.067086	-57.851552	-86.649965	-45.798196	27.719231	-95.728773	98.804076	-52.666848	-22.540187	-34.872592	73.709571	66.383027	-19.493978	
1500	-9.444096	-53.910427	79.332471	-37.619347	-68.950359	25.908533	-26.950769	81.469380	91.298695	62.327222	27.589943	-55.617667	-17.449443	-41.393766	59.460582	-5.992268	-7.897015	-50.067086	-57.851552	-86.649965	-45.798196	27.719231	-95.728773	98.804076	-52.666848	-22.540187	-34.872592	73.709571	66.383027	-19.493978	
