%count	x
15	-21.172031	54.028839	68.472918	-26.561454	-0.416653	-2.965863	-93.479482	61.395318	62.064030	-42.531609	8.607977	12.574622	-59.122753	90.284986	61.436537	93.341196	-87.268394	-35.557372	92.369020	19.748162	-11.873700	4.630992	-26.883774	-6.576869	19.905245	-96.264056	51.919674	-95.325396	34.956756	-82.443391	
30	-21.172031	54.028839	68.472918	-26.561454	-0.416653	-2.965863	-93.479482	61.395318	62.064030	-42.531609	8.607977	12.574622	-59.122753	90.284986	61.436537	93.341196	-87.268394	-35.557372	92.369020	19.748162	-11.873700	4.630992	-26.883774	-6.576869	19.905245	-96.264056	51.919674	-95.325396	34.956756	-82.443391	
45	-21.172031	54.028839	68.472918	-26.561454	-0.416653	-2.965863	-93.479482	61.395318	62.064030	-42.531609	8.607977	12.574622	-59.122753	90.284986	61.436537	93.341196	-87.268394	-35.557372	92.369020	19.748162	-11.873700	4.630992	-26.883774	-6.576869	19.905245	-96.264056	51.919674	-95.325396	34.956756	-82.443391	
60	74.546862	47.953517	18.778222	62.117209	88.570110	-5.884430	-62.426397	36.794805	-41.306427	36.461271	-37.743398	-51.033861	81.486781	-43.209210	-72.192099	-33.899643	23.868260	-57.137034	-56.403282	-95.700146	-72.776956	-11.431151	70.795373	69.340503	-11.054515	73.234475	-40.616138	23.852075	25.027450	7.093665	
75	74.546862	47.953517	18.778222	62.117209	88.570110	-5.884430	-62.426397	36.794805	-41.306427	36.461271	-37.743398	-51.033861	81.486781	-43.209210	-72.192099	-33.899643	23.868260	-57.137034	-56.403282	-95.700146	-72.776956	-11.431151	70.795373	69.340503	-11.054515	73.234475	-40.616138	23.852075	25.027450	7.093665	
90	-4.684005	17.513161	-51.659030	-78.830570	55.506393	26.461735	3.318826	-66.702085	-89.191343	23.054265	-19.928347	40.249975	-34.732941	-51.500090	-70.862929	-85.047276	7.958918	-56.312191	64.143931	94.934755	7.774710	-12.978000	-2.021948	-44.136032	63.946592	42.315252	-78.553909	19.710434	41.404268	-98.131239	
105	-4.684005	17.513161	-51.659030	-78.830570	55.506393	26.461735	3.318826	-66.702085	-89.191343	23.054265	-19.928347	40.249975	-34.732941	-51.500090	-70.862929	-85.047276	7.958918	-56.312191	64.143931	94.934755	7.774710	-12.978000	-2.021948	-44.136032	63.946592	42.315252	-78.553909	19.710434	41.404268	-98.131239	
120	-4.684005	17.513161	-51.659030	-78.830570	55.506393	26.461735	3.318826	-66.702085	-89.191343	23.054265	-19.928347	40.249975	-34.732941	-51.500090	-70.862929	-85.047276	7.958918	-56.312191	64.143931	94.934755	7.774710	-12.978000	-2.021948	-44.136032	63.946592	42.315252	-78.553909	19.710434	41.404268	-98.131239	
135	-4.684005	17.513161	-51.659030	-78.830570	55.506393	26.461735	3.318826	-66.702085	-89.191343	23.054265	-19.928347	40.249975	-34.732941	-51.500090	-70.862929	-85.047276	7.958918	-56.312191	64.143931	94.934755	7.774710	-12.978000	-2.021948	-44.136032	63.946592	42.315252	-78.553909	19.710434	41.404268	-98.131239	
150	-4.684005	17.513161	-51.659030	-78.830570	55.506393	26.461735	3.318826	-66.702085	-89.191343	23.054265	-19.928347	40.249975	-34.732941	-51.500090	-70.862929	-85.047276	7.958918	-56.312191	64.143931	94.934755	7.774710	-12.978000	-2.021948	-44.136032	63.946592	42.315252	-78.553909	19.710434	41.404268	-98.131239	
300	38.046293	-43.418746	-28.532218	68.803440	14.045913	-60.646582	8.465089	-15.618286	70.811620	38.028963	9.246152	-28.810663	81.652428	81.520372	-0.951491	0.110637	-86.228661	-57.446445	24.097658	-47.762109	-85.815578	4.980751	8.521663	9.152065	90.126413	15.903771	-14.451241	21.464159	81.577823	-19.138359	
450	38.046293	-43.418746	-28.532218	68.803440	14.045913	-60.646582	8.465089	-15.618286	70.811620	38.028963	9.246152	-28.810663	81.652428	81.520372	-0.951491	0.110637	-86.228661	-57.446445	24.097658	-47.762109	-85.815578	4.980751	8.521663	9.152065	90.126413	15.903771	-14.451241	21.464159	81.577823	-19.138359	
600	38.046293	-43.418746	-28.532218	68.803440	14.045913	-60.646582	8.465089	-15.618286	70.811620	38.028963	9.246152	-28.810663	81.652428	81.520372	-0.951491	0.110637	-86.228661	-57.446445	24.097658	-47.762109	-85.815578	4.980751	8.521663	9.152065	90.126413	15.903771	-14.451241	21.464159	81.577823	-19.138359	
750	38.046293	-43.418746	-28.532218	68.803440	14.045913	-60.646582	8.465089	-15.618286	70.811620	38.028963	9.246152	-28.810663	81.652428	81.520372	-0.951491	0.110637	-86.228661	-57.446445	24.097658	-47.762109	-85.815578	4.980751	8.521663	9.152065	90.126413	15.903771	-14.451241	21.464159	81.577823	-19.138359	
900	38.046293	-43.418746	-28.532218	68.803440	14.045913	-60.646582	8.465089	-15.618286	70.811620	38.028963	9.246152	-28.810663	81.652428	81.520372	-0.951491	0.110637	-86.228661	-57.446445	24.097658	-47.762109	-85.815578	4.980751	8.521663	9.152065	90.126413	15.903771	-14.451241	21.464159	81.577823	-19.138359	
1050	38.046293	-43.418746	-28.532218	68.803440	14.045913	-60.646582	8.465089	-15.618286	70.811620	38.028963	9.246152	-28.810663	81.652428	81.520372	-0.951491	0.110637	-86.228661	-57.446445	24.097658	-47.762109	-85.815578	4.980751	8.521663	9.152065	90.126413	15.903771	-14.451241	21.464159	81.577823	-19.138359	
1200	38.046293	-43.418746	-28.532218	68.803440	14.045913	-60.646582	8.465089	-15.618286	70.811620	38.028963	9.246152	-28.810663	81.652428	81.520372	-0.951491	0.110637	-86.228661	-57.446445	24.097658	-47.762109	-85.815578	4.980751	8.521663	9.152065	90.126413	15.903771	-14.451241	21.464159	81.577823	-19.138359	
1350	38.046293	-43.418746	-28.532218	68.803440	14.045913	-60.646582	8.465089	-15.618286	70.811620	38.028963	9.246152	-28.810663	81.652428	81.520372	-0.951491	0.110637	-86.228661	-57.446445	24.097658	-47.762109	-85.815578	4.980751	8.521663	9.152065	90.126413	15.903771	-14.451241	21.464159	81.577823	-19.138359	
1500	38.046293	-43.418746	-28.532218	68.803440	14.045913	-60.646582	8.465089	-15.618286	70.811620	38.028963	9.246152	-28.810663	81.652428	81.520372	-0.951491	0.110637	-86.228661	-57.446445	24.097658	-47.762109	-85.815578	4.980751	8.521663	9.152065	90.126413	15.903771	-14.451241	21.464159	81.577823	-19.138359	
