%count	x
15	29.743676	-48.835636	53.052526	0.032297	67.913018	-74.685836	-42.478482	-7.334627	27.465167	-27.102556	-10.909901	-35.146171	38.229282	-46.884086	33.054857	16.807511	-83.838825	-41.585175	-63.833577	-41.484056	-43.109703	-69.407447	-70.378172	-57.850568	-75.461368	58.357575	65.864563	50.741721	-37.910451	17.968076	
30	-90.352824	42.233443	-68.099708	39.804337	-23.259922	-20.703332	89.400822	-37.742566	-86.903859	-47.713043	-73.196536	-81.698760	23.107012	17.344411	36.431553	-79.219841	-5.085799	75.713743	68.621281	23.486100	-60.595968	22.997489	-81.705093	83.697080	86.178498	99.520848	-33.706573	31.427194	78.518099	-70.320393	
45	-90.352824	42.233443	-68.099708	39.804337	-23.259922	-20.703332	89.400822	-37.742566	-86.903859	-47.713043	-73.196536	-81.698760	23.107012	17.344411	36.431553	-79.219841	-5.085799	75.713743	68.621281	23.486100	-60.595968	22.997489	-81.705093	83.697080	86.178498	99.520848	-33.706573	31.427194	78.518099	-70.320393	
60	-90.352824	42.233443	-68.099708	39.804337	-23.259922	-20.703332	89.400822	-37.742566	-86.903859	-47.713043	-73.196536	-81.698760	23.107012	17.344411	36.431553	-79.219841	-5.085799	75.713743	68.621281	23.486100	-60.595968	22.997489	-81.705093	83.697080	86.178498	99.520848	-33.706573	31.427194	78.518099	-70.320393	
75	-90.352824	42.233443	-68.099708	39.804337	-23.259922	-20.703332	89.400822	-37.742566	-86.903859	-47.713043	-73.196536	-81.698760	23.107012	17.344411	36.431553	-79.219841	-5.085799	75.713743	68.621281	23.486100	-60.595968	22.997489	-81.705093	83.697080	86.178498	99.520848	-33.706573	31.427194	78.518099	-70.320393	
90	-90.352824	42.233443	-68.099708	39.804337	-23.259922	-20.703332	89.400822	-37.742566	-86.903859	-47.713043	-73.196536	-81.698760	23.107012	17.344411	36.431553	-79.219841	-5.085799	75.713743	68.621281	23.486100	-60.595968	22.997489	-81.705093	83.697080	86.178498	99.520848	-33.706573	31.427194	78.518099	-70.320393	
105	-90.352824	42.233443	-68.099708	39.804337	-23.259922	-20.703332	89.400822	-37.742566	-86.903859	-47.713043	-73.196536	-81.698760	23.107012	17.344411	36.431553	-79.219841	-5.085799	75.713743	68.621281	23.486100	-60.595968	22.997489	-81.705093	83.697080	86.178498	99.520848	-33.706573	31.427194	78.518099	-70.320393	
120	-90.352824	42.233443	-68.099708	39.804337	-23.259922	-20.703332	89.400822	-37.742566	-86.903859	-47.713043	-73.196536	-81.698760	23.107012	17.344411	36.431553	-79.219841	-5.085799	75.713743	68.621281	23.486100	-60.595968	22.997489	-81.705093	83.697080	86.178498	99.520848	-33.706573	31.427194	78.518099	-70.320393	
135	-89.090388	-20.235439	56.839909	97.137425	55.538474	-34.640265	77.524863	17.568283	-13.712825	26.706919	-15.835060	-30.236620	-81.417973	63.155068	-63.327860	-28.666588	53.279577	-53.227998	-9.918004	-39.818716	16.299643	64.361738	-15.411608	-76.610976	63.992125	28.354941	73.473388	8.078290	-14.477247	-46.593119	
150	-89.090388	-20.235439	56.839909	97.137425	55.538474	-34.640265	77.524863	17.568283	-13.712825	26.706919	-15.835060	-30.236620	-81.417973	63.155068	-63.327860	-28.666588	53.279577	-53.227998	-9.918004	-39.818716	16.299643	64.361738	-15.411608	-76.610976	63.992125	28.354941	73.473388	8.078290	-14.477247	-46.593119	
300	-95.478577	14.945872	-99.180390	67.760073	89.375688	39.035479	35.917498	-62.264238	-52.957023	42.449794	-73.276929	-43.080279	-75.869037	92.252414	-10.969832	95.925050	18.992398	-3.710008	96.601196	-94.602973	32.507076	11.946224	-16.855601	-6.037214	25.669444	83.069443	69.355326	65.090661	-19.144656	-58.987212	
450	-95.478577	14.945872	-99.180390	67.760073	89.375688	39.035479	35.917498	-62.264238	-52.957023	42.449794	-73.276929	-43.080279	-75.869037	92.252414	-10.969832	95.925050	18.992398	-3.710008	96.601196	-94.602973	32.507076	11.946224	-16.855601	-6.037214	25.669444	83.069443	69.355326	65.090661	-19.144656	-58.987212	
600	62.286568	99.780665	11.840088	-15.978256	-93.959450	-34.437387	30.979171	-21.716918	-8.307077	-90.893039	86.005371	-90.657096	-21.675239	-48.362844	-0.054447	-72.432244	-18.679395	-44.223417	75.760850	-11.285621	-21.632394	18.692156	-53.832705	32.094108	-39.619570	13.153848	39.621848	57.630484	80.122127	32.517659	
750	62.286568	99.780665	11.840088	-15.978256	-93.959450	-34.437387	30.979171	-21.716918	-8.307077	-90.893039	86.005371	-90.657096	-21.675239	-48.362844	-0.054447	-72.432244	-18.679395	-44.223417	75.760850	-11.285621	-21.632394	18.692156	-53.832705	32.094108	-39.619570	13.153848	39.621848	57.630484	80.122127	32.517659	
900	62.286568	99.780665	11.840088	-15.978256	-93.959450	-34.437387	30.979171	-21.716918	-8.307077	-90.893039	86.005371	-90.657096	-21.675239	-48.362844	-0.054447	-72.432244	-18.679395	-44.223417	75.760850	-11.285621	-21.632394	18.692156	-53.832705	32.094108	-39.619570	13.153848	39.621848	57.630484	80.122127	32.517659	
1050	-42.285982	-18.827894	-41.477502	43.932141	-31.556823	78.034036	28.546217	-87.790026	10.747960	-51.939627	33.737681	59.742596	-85.576713	63.559379	-71.917704	7.576317	-9.257975	-56.282260	-9.789331	-50.969736	-61.169715	52.138265	-10.961723	-80.939454	-33.352177	82.064587	-67.487066	-59.163215	-38.035280	-81.994341	
1200	-42.285982	-18.827894	-41.477502	43.932141	-31.556823	78.034036	28.546217	-87.790026	10.747960	-51.939627	33.737681	59.742596	-85.576713	63.559379	-71.917704	7.576317	-9.257975	-56.282260	-9.789331	-50.969736	-61.169715	52.138265	-10.961723	-80.939454	-33.352177	82.064587	-67.487066	-59.163215	-38.035280	-81.994341	
1350	-42.285982	-18.827894	-41.477502	43.932141	-31.556823	78.034036	28.546217	-87.790026	10.747960	-51.939627	33.737681	59.742596	-85.576713	63.559379	-71.917704	7.576317	-9.257975	-56.282260	-9.789331	-50.969736	-61.169715	52.138265	-10.961723	-80.939454	-33.352177	82.064587	-67.487066	-59.163215	-38.035280	-81.994341	
1500	89.386823	71.866125	-94.136499	-35.787166	-18.597777	-21.889431	87.225182	63.897336	-52.604342	-19.887766	-51.530413	60.253940	-21.652667	-81.448471	-80.883389	-60.650416	-8.642996	2.715542	46.913534	23.261579	-11.928601	-18.263317	-0.179268	31.756490	34.255569	38.085767	16.784447	45.701601	-65.094119	-83.591287	
